Vest 0.6153218 151 155 448 352
Person 0.6143181 83 126 492 459
Helmet 0.5471410 342 312 456 453
Vest 0.2225200 120 123 490 447
Vest 0.1717534 338 314 453 456
Goggle 0.1419535 0 175 77 297
Shoe 0.1344708 454 205 512 350
Person 0.1259650 158 158 453 380
Helmet 0.1182657 149 152 453 405
Person 0.1177179 13 5 479 512
Helmet 0.1090576 0 175 77 297
Helmet 0.0887941 68 122 512 466
Person 0.0886404 332 309 462 467
Vest 0.0841061 273 144 499 420
Goggle 0.0756136 343 316 460 451
Goggle 0.0725254 34 179 90 290
Person 0.0723501 9 245 483 512
Shoe 0.0683029 24 65 512 493
Vest 0.0629239 112 126 434 280
Goggle 0.0574857 57 197 92 289
Goggle 0.0543242 143 151 456 390
Vest 0.0533073 252 203 439 392
Shoe 0.0514388 151 155 448 352
Vest 0.0494803 288 249 462 451
Person 0.0486339 291 178 499 500
Helmet 0.0474697 296 227 460 465
Shoe 0.0458761 454 263 512 335
Person 0.0451157 50 70 486 328
Helmet 0.0448368 343 293 505 492
Shoe 0.0433624 492 124 510 160
Goggle 0.0420813 24 73 478 494
Vest 0.0413483 50 70 486 328
Person 0.0411284 152 154 512 512
Vest 0.0393251 52 2 502 512
Helmet 0.0390308 386 297 466 443
Helmet 0.0389081 346 375 460 468
Helmet 0.0374057 0 5 179 99
Shoe 0.0365159 463 186 510 295
Helmet 0.0356183 399 314 494 475
Vest 0.0343650 136 140 247 193
Person 0.0340343 7 162 82 313
Goggle 0.0331207 2 368 81 512
Vest 0.0324075 25 156 357 421
Vest 0.0322541 204 176 424 308
Goggle 0.0322363 44 162 113 297
Person 0.0319826 0 66 257 512
Vest 0.0314677 133 252 438 500
Helmet 0.0311605 0 153 92 369
Vest 0.0311480 217 0 512 473
Person 0.0311442 0 0 512 512
Person 0.0310817 181 226 411 512
Vest 0.0307621 124 0 457 408
Person 0.0284754 143 291 510 489
Vest 0.0283320 154 83 355 318
Vest 0.0283165 373 145 512 465
Person 0.0282010 180 0 512 512
Helmet 0.0279867 3 0 168 202
Helmet 0.0278461 0 27 140 125
Person 0.0278255 25 156 357 421
Vest 0.0272921 125 105 304 380
Person 0.0270112 124 0 457 408
Person 0.0269572 71 91 512 512
Shoe 0.0269536 452 255 512 360
Goggle 0.0268394 69 194 95 268
Person 0.0267733 459 244 512 346
Shoe 0.0266906 443 154 509 313
Person 0.0265285 0 111 104 374
Vest 0.0264714 134 124 293 188
Vest 0.0263930 239 114 459 304
Person 0.0263866 0 0 360 512
Helmet 0.0263425 47 187 87 284
Helmet 0.0260221 368 394 461 447
Person 0.0259665 492 124 510 160
Helmet 0.0256009 273 144 499 420
Shoe 0.0254688 480 272 512 349
Helmet 0.0254355 0 2 87 51
Vest 0.0253064 314 237 501 512
Helmet 0.0252958 0 4 232 152
Shoe 0.0252545 468 241 510 322
Helmet 0.0251418 235 339 468 500
Helmet 0.0250849 1 399 82 512
Goggle 0.0249403 0 153 92 369
Goggle 0.0248415 0 134 70 335
Helmet 0.0245951 4 307 174 512
Vest 0.0244922 113 233 417 389
Helmet 0.0242953 0 181 60 341
Helmet 0.0242463 329 300 470 382
Vest 0.0241846 110 101 389 190
Person 0.0241691 112 126 434 280
Helmet 0.0241165 177 97 482 326
Helmet 0.0239185 358 359 443 443
Helmet 0.0237958 3 0 86 128
Goggle 0.0236985 2 204 53 299
Person 0.0236669 0 0 491 276
Helmet 0.0236167 0 134 118 351
Person 0.0233864 454 177 512 340
Goggle 0.0233645 64 218 86 280
Person 0.0233511 0 351 472 512
Goggle 0.0232974 4 307 174 512
Helmet 0.0228377 25 156 357 421