Person 0.6187515 211 91 493 343
Shoe 0.3040738 206 70 503 338
Shoe 0.1994260 223 165 478 299
Person 0.1550988 170 43 480 482
Goggle 0.1275373 186 72 512 320
Person 0.1129963 223 165 478 299
Person 0.0823621 254 281 512 444
Person 0.0783570 402 269 507 465
Person 0.0689823 257 85 503 245
Person 0.0659096 171 224 504 430
Helmet 0.0632245 215 95 489 294
Person 0.0615610 348 215 504 475
Person 0.0536048 11 6 238 74
Person 0.0504780 186 61 448 264
Person 0.0484467 374 445 510 508
Vest 0.0463854 217 89 483 295
Person 0.0452390 28 173 512 473
Shoe 0.0449409 203 189 494 447
Shoe 0.0449331 257 85 503 245
Shoe 0.0448653 161 7 498 484
Person 0.0444757 255 422 300 445
Person 0.0437855 364 312 508 425
Shoe 0.0433135 236 225 466 294
Goggle 0.0387111 224 159 474 315
Shoe 0.0381131 194 97 416 264
Vest 0.0378250 410 292 502 441
Person 0.0376792 276 172 501 371
Person 0.0371645 391 360 512 441
Person 0.0367161 0 0 512 484
Goggle 0.0355921 211 106 443 410
Shoe 0.0346338 410 292 502 441
Person 0.0345361 51 0 291 59
Person 0.0344686 0 0 193 59
Person 0.0317314 323 73 390 111
Person 0.0306867 425 455 506 512
Goggle 0.0306033 161 7 498 484
Person 0.0305433 236 225 466 294
Goggle 0.0301272 220 205 307 257
Helmet 0.0300889 168 74 499 441
Person 0.0296517 430 2 511 50
Person 0.0290094 205 111 361 300
Helmet 0.0288834 0 9 94 66
Shoe 0.0286792 217 208 411 280
Shoe 0.0284012 254 281 512 444
Shoe 0.0282944 269 127 474 389
Person 0.0277782 379 76 512 301
Person 0.0274301 244 425 288 444
Person 0.0272360 1 433 247 504
Person 0.0267185 231 117 512 417
Helmet 0.0266543 410 292 502 441
Person 0.0264941 227 118 425 240
Person 0.0264079 1 6 133 67
Shoe 0.0264043 255 422 300 445
Goggle 0.0262010 206 194 348 270
Person 0.0261975 145 127 498 512
Person 0.0260875 263 0 512 488
Shoe 0.0260601 285 110 443 294
Person 0.0260151 256 259 458 512
Shoe 0.0258732 152 30 506 221
Person 0.0258344 405 398 511 443
Person 0.0256555 416 362 506 489
Shoe 0.0254594 198 186 396 331
Helmet 0.0253624 10 0 130 53
Shoe 0.0253047 329 72 394 111
Person 0.0251482 81 9 512 277
Shoe 0.0250338 244 137 379 272
Person 0.0248786 420 232 511 409
Shoe 0.0245714 206 194 348 270
Person 0.0243941 3 451 183 512
Vest 0.0241147 170 43 480 482
Person 0.0240461 60 0 512 512
Vest 0.0236452 12 0 228 60
Person 0.0236118 76 7 334 75
Person 0.0235707 324 346 500 438
Person 0.0232007 0 24 512 512
Person 0.0231521 388 4 512 70
Goggle 0.0231181 209 172 291 290
Helmet 0.0230915 256 417 297 444
Goggle 0.0229541 198 123 420 287
Person 0.0228114 36 0 394 75
Shoe 0.0224862 467 75 508 168
Goggle 0.0224025 294 164 501 487
Goggle 0.0223748 259 420 296 446
Person 0.0220282 211 171 415 478
Shoe 0.0220218 325 314 498 423
Shoe 0.0218844 0 25 512 437
Goggle 0.0217896 208 218 291 269
Person 0.0217717 39 451 258 512
Shoe 0.0216937 360 94 489 287
Shoe 0.0216803 177 222 476 362
Person 0.0216462 469 449 511 512
Person 0.0215306 245 67 290 82
Vest 0.0214204 255 422 300 445
Shoe 0.0213176 387 362 512 441
Person 0.0212863 294 44 512 298
Person 0.0211072 326 288 368 309
Person 0.0211020 296 158 512 512
Goggle 0.0210993 221 198 273 269
Person 0.0210378 70 427 129 445
Person 0.0210137 126 322 506 472