Person 0.5508770 130 182 497 448
Shoe 0.4480821 130 182 497 448
Goggle 0.1245350 117 172 491 444
Shoe 0.0989252 133 202 363 395
Helmet 0.0934568 130 182 497 448
Person 0.0768530 0 0 512 503
Person 0.0675328 8 0 234 59
Helmet 0.0669053 1 0 183 62
Vest 0.0629426 126 138 476 489
Person 0.0615456 343 455 508 512
Goggle 0.0587152 135 208 378 412
Goggle 0.0563249 3 1 205 61
Vest 0.0557638 8 0 234 59
Person 0.0541720 131 206 356 406
Shoe 0.0505308 18 52 512 512
Helmet 0.0474158 0 0 101 56
Person 0.0472423 281 0 501 56
Person 0.0449880 400 0 509 54
Person 0.0437120 219 42 512 507
Person 0.0386267 417 459 507 510
Helmet 0.0377324 122 204 396 384
Person 0.0374030 0 437 242 508
Person 0.0372029 39 5 307 70
Goggle 0.0361453 278 196 500 489
Person 0.0344787 0 39 512 512
Helmet 0.0343388 5 0 309 73
Person 0.0336658 67 417 491 512
Shoe 0.0330640 179 254 418 501
Person 0.0328280 252 433 512 512
Goggle 0.0327242 219 42 512 507
Person 0.0319871 468 0 511 65
Helmet 0.0318339 400 0 509 54
Person 0.0314379 106 293 452 462
Helmet 0.0310454 0 454 133 512
Helmet 0.0308123 33 3 512 512
Person 0.0306468 93 151 452 358
Vest 0.0304967 345 0 509 59
Helmet 0.0303443 395 458 507 511
Goggle 0.0294865 179 254 418 501
Shoe 0.0290696 66 296 454 473
Helmet 0.0289212 0 7 65 67
Shoe 0.0285025 283 98 510 433
Shoe 0.0282139 120 142 376 512
Person 0.0273889 226 219 512 461
Goggle 0.0271378 0 0 512 503
Goggle 0.0270942 1 450 190 512
Person 0.0270309 230 257 453 512
Vest 0.0266728 41 2 198 77
Person 0.0266450 212 0 510 80
Vest 0.0261234 417 459 507 510
Person 0.0260564 65 119 430 512
Person 0.0259103 468 449 511 512
Person 0.0255968 94 0 368 58
Person 0.0255560 0 260 512 512
Goggle 0.0255090 141 220 333 334
Vest 0.0254006 423 1 509 53
Person 0.0253818 0 7 167 74
Person 0.0253644 14 449 298 512
Person 0.0252123 172 441 498 512
Vest 0.0251987 136 191 331 434
Shoe 0.0250442 203 234 328 417
Shoe 0.0248769 36 0 512 512
Vest 0.0247157 343 448 505 511
Person 0.0241410 346 5 496 64
Person 0.0240455 36 0 512 512
Person 0.0237637 137 66 512 330
Shoe 0.0234260 93 151 452 358
Goggle 0.0230064 198 129 512 368
Goggle 0.0229001 0 7 118 66
Vest 0.0225775 17 2 341 77
Person 0.0218899 142 251 512 512
Goggle 0.0216005 40 0 295 58
Person 0.0215470 1 449 152 512
Helmet 0.0214518 0 459 76 511
Helmet 0.0214462 63 0 216 66
Vest 0.0213368 3 445 183 511
Helmet 0.0212728 453 0 510 56
Shoe 0.0209704 248 0 512 511
Person 0.0208736 0 0 277 67
Person 0.0208415 81 365 472 499
Vest 0.0208009 257 0 512 63
Helmet 0.0205470 38 0 133 56
Shoe 0.0204483 281 0 501 56
Vest 0.0203957 0 1 147 58
Goggle 0.0203519 38 0 133 56
Goggle 0.0202481 9 2 70 62
Shoe 0.0202283 286 441 504 505
Person 0.0201589 335 107 505 436
Helmet 0.0199647 246 0 512 79
Person 0.0199492 14 0 425 81
Helmet 0.0198901 0 0 114 36
Vest 0.0198846 278 196 500 489
Goggle 0.0198676 369 123 512 463
Person 0.0198435 111 195 338 315
Person 0.0198331 444 0 500 59
Shoe 0.0198046 152 225 274 383
Shoe 0.0197741 133 280 379 431
Goggle 0.0197374 9 0 169 43
Shoe 0.0196453 156 71 511 276
Goggle 0.0195634 132 235 512 512