Person 0.6839480 146 53 512 512
Helmet 0.6574700 173 217 249 383
Goggle 0.4658279 214 229 273 367
Goggle 0.2382724 173 220 255 376
Goggle 0.2080707 240 226 279 360
Vest 0.1532070 146 53 512 512
Person 0.1302920 166 212 259 383
Helmet 0.1178959 143 207 282 401
Helmet 0.1122567 223 231 273 364
Vest 0.0853191 173 220 255 376
Goggle 0.0847020 231 288 273 374
Helmet 0.0779832 196 223 297 377
Helmet 0.0734015 146 53 512 512
Person 0.0712779 466 437 509 511
Shoe 0.0710986 178 95 512 512
Goggle 0.0659985 164 195 286 428
Shoe 0.0584071 469 445 511 512
Goggle 0.0568697 232 237 300 369
Helmet 0.0556100 193 204 263 353
Goggle 0.0546042 188 68 512 498
Person 0.0539258 166 73 503 296
Goggle 0.0513487 236 318 269 377
Person 0.0512608 60 0 512 512
Goggle 0.0508603 245 220 275 300
Goggle 0.0505649 251 235 291 348
Helmet 0.0492083 184 264 268 373
Helmet 0.0471700 164 270 237 406
Helmet 0.0462670 139 233 256 334
Helmet 0.0451606 241 223 279 342
Goggle 0.0436958 229 213 270 317
Person 0.0422221 173 285 512 504
Helmet 0.0417390 189 243 279 448
Goggle 0.0399708 143 201 241 400
Person 0.0399466 162 193 312 414
Person 0.0387314 286 81 505 491
Vest 0.0371451 286 81 505 491
Person 0.0366011 348 86 366 115
Goggle 0.0360943 468 448 511 512
Goggle 0.0355943 195 274 267 380
Goggle 0.0352794 205 179 303 398
Helmet 0.0341158 174 226 229 336
Person 0.0329415 244 76 512 512
Shoe 0.0324595 234 232 284 366
Person 0.0321866 236 210 464 512
Helmet 0.0321641 170 194 293 333
Goggle 0.0319120 219 255 256 362
Helmet 0.0313387 466 437 509 511
Goggle 0.0310725 250 289 278 365
Goggle 0.0307586 236 262 269 355
Helmet 0.0305453 140 290 252 377
Shoe 0.0296022 468 73 508 164
Helmet 0.0294591 228 279 269 379
Shoe 0.0285011 173 220 255 376
Person 0.0283524 129 172 250 407
Helmet 0.0281752 181 295 243 372
Goggle 0.0280317 211 219 252 344
Person 0.0276605 189 11 390 443
Goggle 0.0275920 253 217 318 361
Helmet 0.0273660 141 168 225 361
Person 0.0273596 100 224 505 512
Person 0.0272083 213 218 293 384
Helmet 0.0271807 211 230 254 372
Person 0.0271765 468 73 508 164
Person 0.0271547 342 89 359 115
Person 0.0270430 393 435 512 512
Goggle 0.0266137 216 269 282 344
Shoe 0.0264849 348 86 366 115
Goggle 0.0264116 221 300 258 380
Goggle 0.0260116 247 334 271 376
Helmet 0.0259813 178 168 313 447
Vest 0.0256850 320 187 512 417
Person 0.0256191 473 0 507 10
Goggle 0.0254155 58 0 512 512
Helmet 0.0252634 249 239 290 357
Helmet 0.0252415 168 252 333 390
Helmet 0.0250611 162 308 278 385
Shoe 0.0248741 467 407 511 493
Vest 0.0248393 229 144 512 442
Goggle 0.0246334 267 248 310 349
Goggle 0.0242830 255 220 287 310
Goggle 0.0240968 247 199 300 325
Person 0.0240593 354 84 371 115
Helmet 0.0238388 142 263 220 448
Vest 0.0237459 367 111 512 484
Shoe 0.0235678 484 436 511 493
Person 0.0235440 8 22 496 385
Goggle 0.0234260 240 299 266 364
Goggle 0.0233447 257 268 287 362
Person 0.0232918 437 0 508 128
Vest 0.0231754 213 218 293 384
Helmet 0.0231418 222 178 309 359
Person 0.0228866 318 475 387 512
Vest 0.0228044 117 0 512 512
Person 0.0226708 314 8 489 89
Person 0.0226559 344 79 368 121
Helmet 0.0226086 171 217 261 299
Goggle 0.0225878 239 212 267 285
Person 0.0225061 0 21 512 512
Helmet 0.0223860 229 213 270 317
Shoe 0.0223685 117 0 512 512