Person 0.8141871 0 19 504 479
Helmet 0.7918904 26 205 122 330
Person 0.2643858 49 7 504 237
Goggle 0.2437665 118 215 153 317
Person 0.1999033 170 0 511 163
Shoe 0.1607300 20 40 484 451
Vest 0.1436515 26 206 120 325
Helmet 0.1371071 7 185 135 373
Goggle 0.1293733 25 211 117 328
Person 0.1194592 26 205 122 330
Goggle 0.1101703 89 206 142 324
Person 0.1091773 0 0 251 413
Goggle 0.1052184 103 196 163 323
Vest 0.0959516 1 15 512 475
Goggle 0.0909162 11 10 504 474
Person 0.0856663 17 156 141 357
Helmet 0.0774808 0 19 504 479
Person 0.0742208 204 55 512 512
Helmet 0.0696723 118 215 153 317
Person 0.0653092 330 0 496 158
Person 0.0620416 3 22 361 198
Person 0.0547718 7 0 472 155
Helmet 0.0520053 64 204 145 341
Helmet 0.0519598 0 0 251 413
Person 0.0509907 0 0 497 512
Goggle 0.0504992 118 204 144 280
Person 0.0486526 0 29 393 327
Person 0.0482270 0 0 232 107
Vest 0.0449551 10 7 187 350
Goggle 0.0443888 118 249 146 327
Helmet 0.0439085 49 7 504 237
Helmet 0.0438619 0 216 89 332
Helmet 0.0421081 10 149 105 323
Person 0.0419291 25 216 512 512
Vest 0.0413056 191 9 485 217
Shoe 0.0410325 170 0 511 163
Person 0.0401058 392 0 510 194
Goggle 0.0398819 17 156 141 357
Person 0.0393177 350 468 436 510
Helmet 0.0392653 12 201 115 281
Helmet 0.0390743 354 472 421 512
Helmet 0.0379344 20 268 125 336
Helmet 0.0373468 31 80 171 353
Helmet 0.0363472 0 61 268 269
Vest 0.0338557 21 0 313 245
Vest 0.0338081 40 59 295 396
Person 0.0335468 12 0 177 276
Person 0.0335035 155 0 440 325
Person 0.0334518 266 0 510 321
Person 0.0332821 426 0 511 139
Goggle 0.0332430 52 217 134 358
Helmet 0.0323483 10 230 94 403
Shoe 0.0322784 115 223 158 309
Shoe 0.0319116 467 170 508 266
Helmet 0.0318855 102 211 141 331
Goggle 0.0318259 72 208 122 327
Person 0.0309596 96 45 350 408
Goggle 0.0308288 112 198 136 267
Goggle 0.0306053 125 208 161 293
Vest 0.0295016 230 14 512 419
Shoe 0.0292758 464 323 509 431
Goggle 0.0288781 53 209 165 307
Helmet 0.0287496 88 203 165 318
Person 0.0286580 140 0 512 512
Helmet 0.0282529 1 465 88 510
Goggle 0.0282339 122 281 143 329
Person 0.0282210 367 1 506 84
Helmet 0.0281802 0 187 231 341
Person 0.0281535 124 67 512 394
Goggle 0.0280898 114 226 141 306
Person 0.0280038 0 0 512 421
Helmet 0.0276490 64 244 125 329
Helmet 0.0270708 32 240 110 373
Person 0.0269897 322 0 512 493
Vest 0.0269034 260 58 467 270
Person 0.0263087 4 2 171 77
Helmet 0.0261421 58 205 113 306
Helmet 0.0261188 44 184 138 291
Person 0.0259983 147 0 512 262
Goggle 0.0259648 8 45 205 381
Person 0.0253817 226 0 451 130
Helmet 0.0252363 0 56 126 376
Helmet 0.0250369 0 233 125 349
Helmet 0.0249169 12 0 177 276
Person 0.0246424 365 463 508 512
Vest 0.0245766 350 468 436 510
Person 0.0245092 116 4 404 109
Vest 0.0245059 7 185 135 373
Helmet 0.0243030 0 184 126 308
Person 0.0242059 0 150 427 512
Person 0.0239956 260 58 467 270
Helmet 0.0239399 0 29 393 327
Person 0.0238969 0 199 198 365
Person 0.0238237 232 0 403 52
Vest 0.0238075 290 0 505 180
Person 0.0235572 0 0 468 293
Goggle 0.0235355 127 218 149 274
Person 0.0233113 166 0 497 377
Person 0.0232354 0 0 155 415
Goggle 0.0231123 112 272 139 333