Vest 0.8640527 208 324 454 494
Vest 0.7804772 142 7 356 161
Helmet 0.7143917 80 351 148 462
Person 0.5828630 91 265 474 512
Helmet 0.5453356 5 13 103 170
Person 0.4810766 20 1 476 188
Goggle 0.3875675 138 360 175 465
Goggle 0.3249747 27 20 96 158
Vest 0.2806967 52 0 453 174
Vest 0.2741709 113 266 474 500
Goggle 0.2013439 112 338 173 459
Helmet 0.1812881 39 22 95 153
Goggle 0.1781935 72 87 105 160
Goggle 0.1690481 55 39 104 163
Goggle 0.1660290 142 346 169 438
Goggle 0.1360679 147 405 178 463
Vest 0.1314099 4 6 102 165
Helmet 0.1302753 104 347 176 469
Person 0.1188810 1 9 102 172
Helmet 0.1168689 133 354 170 468
Helmet 0.1130902 67 91 103 173
Helmet 0.1126311 68 323 161 489
Helmet 0.1083826 59 41 102 155
Shoe 0.0954576 442 226 473 306
Goggle 0.0933753 148 360 183 446
Goggle 0.0932482 144 348 165 404
Helmet 0.0870984 0 22 75 138
Goggle 0.0855011 80 351 148 462
Person 0.0850120 58 72 476 422
Person 0.0842658 80 351 148 462
Vest 0.0831809 80 349 156 474
Person 0.0826935 65 0 512 304
Goggle 0.0823505 52 3 85 98
Person 0.0750364 11 0 216 196
Person 0.0744858 145 7 400 160
Person 0.0734846 210 324 451 496
Goggle 0.0733117 44 0 97 123
Vest 0.0731449 171 23 401 217
Person 0.0699199 65 279 202 512
Person 0.0681944 150 212 479 343
Person 0.0681895 0 132 512 495
Helmet 0.0654252 0 8 172 183
Helmet 0.0642884 118 270 467 506
Person 0.0636490 68 323 161 489
Helmet 0.0606923 20 1 476 188
Goggle 0.0604777 64 17 120 143
Goggle 0.0603376 157 419 180 462
Goggle 0.0601145 55 0 80 66
Goggle 0.0589070 0 6 115 173
Vest 0.0574233 285 297 485 512
Goggle 0.0566257 62 12 101 104
Person 0.0565295 73 143 477 317
Goggle 0.0556583 80 83 102 141
Goggle 0.0554548 145 384 168 454
Goggle 0.0538757 145 294 451 504
Helmet 0.0538189 0 0 95 211
Goggle 0.0534035 134 393 168 470
Goggle 0.0533333 133 332 165 415
Helmet 0.0521684 25 15 146 146
Goggle 0.0520223 130 358 195 480
Goggle 0.0515662 65 50 98 138
Person 0.0499523 85 288 290 503
Person 0.0493527 43 330 245 485
Helmet 0.0493185 38 72 104 170
Goggle 0.0491218 4 9 72 148
Goggle 0.0478643 138 359 161 422
Goggle 0.0472550 153 372 195 463
Goggle 0.0472193 127 356 163 459
Goggle 0.0469007 74 15 103 76
Helmet 0.0460050 144 345 185 442
Goggle 0.0454747 151 362 172 422
Helmet 0.0446180 53 309 221 499
Vest 0.0440908 256 462 447 512
Person 0.0439386 0 0 388 257
Person 0.0437968 164 202 489 451
Goggle 0.0431014 87 94 108 143
Helmet 0.0412136 0 66 135 183
Vest 0.0411450 144 4 231 170
Goggle 0.0410991 69 108 100 174
Shoe 0.0409274 98 248 489 512
Vest 0.0404173 208 362 323 475
Person 0.0401458 0 262 411 512
Helmet 0.0401156 0 45 65 205
Goggle 0.0400211 138 341 159 393
Shoe 0.0398437 211 323 458 498
Helmet 0.0397788 142 343 168 428
Helmet 0.0396683 140 378 183 470
Shoe 0.0394665 29 0 455 182
Vest 0.0393124 187 22 329 133
Vest 0.0381137 249 387 478 507
Goggle 0.0372191 158 403 190 462
Vest 0.0371943 204 359 512 512
Goggle 0.0371686 57 5 78 42
Goggle 0.0371513 37 54 115 183
Goggle 0.0364642 52 0 453 174
Goggle 0.0362414 158 389 180 453
Helmet 0.0356889 54 335 176 431
Goggle 0.0355593 132 302 194 449
Helmet 0.0352041 147 11 362 161
Goggle 0.0351050 144 332 176 414