Goggle 0.7908573 96 308 174 409
Goggle 0.7620268 104 436 197 512
Goggle 0.3935201 36 295 172 427
Goggle 0.2196181 89 385 196 491
Goggle 0.1862722 85 296 186 470
Helmet 0.1828468 53 304 166 418
Helmet 0.1688746 0 470 71 512
Goggle 0.1664139 33 360 192 509
Shoe 0.1532561 104 436 197 512
Helmet 0.1359802 104 436 197 512
Helmet 0.1264824 11 290 197 432
Goggle 0.1231991 112 443 162 512
Goggle 0.1043753 77 299 139 412
Goggle 0.1033615 61 417 186 510
Goggle 0.0971860 5 300 122 432
Goggle 0.0958385 488 90 510 146
Goggle 0.0804853 28 405 250 512
Shoe 0.0795886 101 312 173 414
Person 0.0763739 0 185 512 502
Goggle 0.0717022 108 332 214 512
Goggle 0.0681827 118 330 175 426
Goggle 0.0668299 117 301 198 440
Goggle 0.0642939 0 470 71 512
Helmet 0.0606998 84 317 187 443
Goggle 0.0598620 145 437 204 512
Helmet 0.0573935 6 294 111 427
Person 0.0563535 96 428 214 507
Goggle 0.0555085 79 352 168 414
Goggle 0.0554624 125 459 200 508
Helmet 0.0543077 38 386 193 486
Person 0.0521925 90 308 174 422
Goggle 0.0514943 134 309 184 404
Goggle 0.0514237 53 313 252 467
Goggle 0.0509382 397 62 448 137
Goggle 0.0509232 113 304 156 395
Vest 0.0505464 96 428 214 507
Goggle 0.0499678 49 278 129 413
Helmet 0.0496075 32 415 214 512
Goggle 0.0485124 55 250 203 411
Goggle 0.0477629 385 57 406 98
Goggle 0.0473335 126 408 211 512
Helmet 0.0471605 0 334 144 441
Goggle 0.0471028 97 434 172 488
Person 0.0468544 20 296 180 426
Shoe 0.0464167 60 296 175 429
Goggle 0.0463052 7 291 163 512
Goggle 0.0457363 93 423 166 512
Vest 0.0451872 73 312 172 411
Goggle 0.0442834 384 53 422 120
Goggle 0.0437663 483 256 512 333
Goggle 0.0436570 104 425 260 503
Goggle 0.0431982 93 471 190 512
Goggle 0.0430202 99 453 147 512
Goggle 0.0420787 71 275 163 391
Helmet 0.0413504 0 278 138 501
Helmet 0.0408616 19 332 205 512
Goggle 0.0407534 104 351 187 446
Goggle 0.0406058 110 460 246 512
Person 0.0402198 5 253 340 456
Person 0.0391449 0 329 188 505
Shoe 0.0372139 103 379 183 501
Shoe 0.0370903 51 420 181 512
Person 0.0370438 471 7 511 63
Goggle 0.0368612 491 86 511 125
Goggle 0.0368394 1 448 94 511
Goggle 0.0366138 0 202 376 501
Goggle 0.0362367 83 305 154 361
Goggle 0.0360288 119 280 179 392
Person 0.0359812 0 464 77 511
Goggle 0.0359094 107 420 190 474
Goggle 0.0358399 113 467 137 510
Helmet 0.0356413 103 379 183 501
Helmet 0.0355739 1 451 88 504
Person 0.0349224 1 412 200 512
Goggle 0.0345651 0 247 220 468
Goggle 0.0345338 471 94 512 151
Person 0.0342141 11 81 358 512
Vest 0.0341871 0 464 77 511
Shoe 0.0340983 19 332 205 512
Goggle 0.0335581 0 444 185 512
Goggle 0.0332475 102 329 150 415
Person 0.0329188 103 379 183 501
Goggle 0.0317445 5 357 103 510
Goggle 0.0317087 66 300 115 401
Helmet 0.0314249 0 485 53 512
Goggle 0.0314189 76 448 158 501
Helmet 0.0311108 0 443 133 512
Goggle 0.0310798 130 475 180 507
Goggle 0.0309665 488 260 510 312
Goggle 0.0308713 106 305 179 367
Person 0.0307338 81 418 170 512
Goggle 0.0306955 495 95 512 138
Goggle 0.0305910 469 266 510 357
Helmet 0.0302974 106 309 175 413
Goggle 0.0302181 128 476 225 512
Goggle 0.0300668 22 451 71 512
Person 0.0297137 0 155 268 512
Goggle 0.0295226 384 38 461 152
Goggle 0.0293948 111 437 142 504
Goggle 0.0288857 103 300 212 384