Vest 0.8493760 306 235 503 423
Goggle 0.6686876 194 276 239 365
Vest 0.6331111 287 408 499 511
Goggle 0.5273061 86 66 138 148
Vest 0.5205975 197 1 507 183
Helmet 0.4999577 13 77 132 154
Helmet 0.4635393 40 381 212 512
Person 0.4523989 95 213 512 454
Goggle 0.4082731 155 382 204 489
Helmet 0.3901546 121 275 222 365
Goggle 0.3710392 48 65 134 153
Person 0.3522964 56 8 512 188
Goggle 0.2879517 168 270 232 368
Helmet 0.2540328 0 3 45 101
Vest 0.2337115 137 202 512 414
Vest 0.2127850 269 293 501 473
Person 0.2113420 43 301 512 497
Helmet 0.1844834 0 33 147 163
Goggle 0.1843041 38 385 207 511
Goggle 0.1664128 13 43 128 165
Helmet 0.1360462 191 274 238 366
Person 0.1319207 20 134 512 389
Goggle 0.1311293 101 91 139 159
Helmet 0.1207755 65 65 133 151
Person 0.1157108 46 367 383 511
Vest 0.1115188 126 321 512 481
Vest 0.1110428 122 1 266 55
Goggle 0.1098112 0 0 42 101
Goggle 0.1055850 150 386 234 507
Goggle 0.1052075 161 388 194 466
Vest 0.1047218 218 357 492 512
Helmet 0.1011830 2 7 80 132
Goggle 0.1008941 135 282 229 383
Goggle 0.0993020 197 301 230 372
Helmet 0.0982639 125 1 258 50
Vest 0.0953674 322 331 487 512
Goggle 0.0934658 171 396 215 496
Person 0.0930869 137 396 512 512
Goggle 0.0921355 182 276 263 383
Person 0.0902118 3 47 155 161
Helmet 0.0899550 95 8 494 189
Goggle 0.0854455 82 345 241 496
Goggle 0.0849400 126 261 276 391
Vest 0.0840782 0 0 512 191
Goggle 0.0823496 102 391 215 489
Person 0.0820517 31 377 227 512
Vest 0.0815998 6 57 137 159
Person 0.0796012 255 207 508 415
Person 0.0784018 0 6 342 157
Goggle 0.0782753 46 367 383 511
Vest 0.0781836 276 83 512 435
Helmet 0.0777836 104 270 275 386
Helmet 0.0767554 0 6 126 111
Person 0.0762005 105 237 418 396
Goggle 0.0748975 0 2 96 109
Goggle 0.0745959 65 97 138 155
Vest 0.0726328 413 164 507 214
Helmet 0.0707961 38 343 305 506
Vest 0.0700456 141 234 512 512
Vest 0.0685379 358 260 511 512
Helmet 0.0683018 130 298 228 434
Vest 0.0675572 142 0 512 307
Helmet 0.0674372 159 385 202 479
Helmet 0.0672049 100 382 275 493
Vest 0.0634512 78 0 454 123
Helmet 0.0633574 99 255 369 412
Goggle 0.0626920 117 3 500 188
Vest 0.0619022 35 388 201 512
Helmet 0.0606348 152 277 247 379
Helmet 0.0602221 76 356 235 469
Person 0.0591058 0 97 512 500
Goggle 0.0589625 23 3 78 89
Goggle 0.0556029 106 287 244 442
Goggle 0.0555148 80 26 159 148
Helmet 0.0550194 88 207 512 454
Shoe 0.0543973 194 276 239 365
Goggle 0.0524985 91 119 140 156
Person 0.0517730 117 263 312 374
Helmet 0.0515737 127 381 206 492
Vest 0.0515126 355 0 512 236
Goggle 0.0512722 185 265 226 348
Goggle 0.0505707 135 397 199 509
Person 0.0504063 120 0 260 65
Vest 0.0501647 84 4 279 81
Vest 0.0499781 200 153 512 347
Goggle 0.0499220 0 0 156 148
Helmet 0.0492472 94 305 239 512
Person 0.0492423 0 0 133 191
Helmet 0.0486457 84 318 216 409
Helmet 0.0484030 1 0 38 72
Goggle 0.0476643 91 405 285 510
Goggle 0.0474673 105 245 416 413
Person 0.0469531 130 275 233 365
Goggle 0.0468554 0 31 236 173
Helmet 0.0468239 0 2 82 72
Goggle 0.0458932 108 114 136 161
Goggle 0.0457714 91 86 154 169
Helmet 0.0457242 0 406 201 512
Person 0.0456734 0 0 471 213
Goggle 0.0456085 141 393 207 457