Goggle 0.7610701 146 251 205 357
Helmet 0.4594637 27 235 198 374
Person 0.3223844 12 133 512 462
Goggle 0.2385921 122 230 209 375
Goggle 0.2018158 56 236 196 372
Helmet 0.1957858 107 237 212 372
Helmet 0.1086821 145 248 205 358
Goggle 0.0885712 166 266 214 365
Person 0.0813481 448 452 509 511
Helmet 0.0799150 14 129 512 457
Goggle 0.0756203 77 194 225 412
Goggle 0.0755646 132 239 183 353
Shoe 0.0724154 148 248 207 362
Vest 0.0709605 31 127 508 484
Goggle 0.0698873 11 110 512 458
Goggle 0.0655230 147 282 193 376
Person 0.0650871 28 229 206 384
Shoe 0.0630279 434 451 510 512
Helmet 0.0614327 29 193 382 397
Goggle 0.0562051 27 232 146 381
Vest 0.0538924 27 235 198 374
Goggle 0.0490001 0 43 48 207
Goggle 0.0458308 152 215 233 365
Person 0.0453940 29 193 382 397
Goggle 0.0446910 23 174 321 403
Person 0.0432722 431 0 509 136
Person 0.0425076 0 18 498 357
Shoe 0.0421141 13 109 502 458
Helmet 0.0420379 150 227 231 379
Goggle 0.0404917 0 117 30 203
Helmet 0.0398258 114 340 179 374
Goggle 0.0386695 154 287 225 380
Helmet 0.0378147 0 18 498 357
Helmet 0.0376478 14 216 160 451
Vest 0.0366134 334 156 505 454
Helmet 0.0364716 0 148 292 326
Goggle 0.0360404 438 450 512 512
Helmet 0.0359558 0 276 155 371
Person 0.0352538 403 441 508 512
Helmet 0.0352003 2 233 154 337
Helmet 0.0351292 37 246 123 365
Person 0.0346696 0 17 512 512
Person 0.0327973 122 230 209 375
Goggle 0.0327306 134 308 206 362
Helmet 0.0319666 0 254 291 421
Goggle 0.0319172 16 115 187 379
Person 0.0319062 262 104 512 512
Goggle 0.0317420 5 0 78 143
Goggle 0.0315268 138 215 196 331
Vest 0.0314779 262 104 512 512
Goggle 0.0314057 87 225 184 338
Goggle 0.0311121 26 254 192 429
Goggle 0.0306113 148 237 209 314
Helmet 0.0303810 80 198 254 409
Goggle 0.0303683 129 260 218 440
Person 0.0300995 0 265 487 503
Vest 0.0299546 95 247 213 357
Goggle 0.0296651 0 0 124 251
Goggle 0.0293347 128 275 196 342
Vest 0.0289526 29 193 382 397
Goggle 0.0285871 0 392 27 462
Helmet 0.0285432 16 115 187 379
Goggle 0.0284583 65 214 291 357
Helmet 0.0279202 34 290 239 413
Person 0.0278081 431 2 509 51
Vest 0.0277831 434 451 510 512
Goggle 0.0274940 23 0 87 93
Goggle 0.0271988 0 10 31 97
Goggle 0.0264817 26 0 383 442
Helmet 0.0263912 0 62 377 261
Goggle 0.0263730 155 252 189 338
Helmet 0.0262449 129 260 218 440
Person 0.0261755 463 4 511 70
Helmet 0.0260665 75 218 164 365
Helmet 0.0260340 91 257 192 435
Helmet 0.0259020 112 232 182 270
Goggle 0.0258063 182 264 230 357
Goggle 0.0257976 166 258 202 333
Person 0.0256353 90 187 225 408
Person 0.0253224 442 5 506 87
Goggle 0.0251504 151 267 250 349
Goggle 0.0251484 134 295 178 376
Goggle 0.0251094 114 340 179 374
Vest 0.0250508 206 186 512 405
Goggle 0.0246918 174 236 221 332
Shoe 0.0244482 444 102 511 159
Goggle 0.0242827 14 0 66 67
Helmet 0.0242293 128 187 222 352
Person 0.0239631 440 109 512 159
Goggle 0.0238510 121 152 255 402
Helmet 0.0238463 2 96 40 198
Goggle 0.0237777 0 0 48 126
Helmet 0.0237231 141 246 181 345
Helmet 0.0237119 232 0 285 21
Goggle 0.0236784 135 234 253 327
Goggle 0.0235915 161 307 206 398
Person 0.0234583 74 246 200 354
Person 0.0233561 171 123 495 393
Goggle 0.0232644 1 78 40 191
Helmet 0.0232442 434 451 510 512