Person 0.7475407 58 221 499 469
Helmet 0.6641895 57 294 170 390
Goggle 0.6446594 150 290 193 386
Goggle 0.1897307 119 287 184 392
Helmet 0.1686989 150 290 193 386
Helmet 0.1253061 33 273 229 406
Goggle 0.1198300 65 294 173 395
Vest 0.1070373 218 234 492 450
Helmet 0.0878904 100 290 190 392
Person 0.0851715 7 126 53 146
Goggle 0.0778244 147 314 181 394
Person 0.0764777 0 136 512 493
Shoe 0.0689857 52 221 503 473
Vest 0.0643562 61 298 171 397
Person 0.0627672 48 285 199 399
Goggle 0.0599166 130 294 215 378
Vest 0.0574982 378 238 452 280
Helmet 0.0544768 123 308 186 379
Helmet 0.0541860 43 213 512 477
Person 0.0518167 119 127 468 512
Shoe 0.0513762 461 230 511 326
Goggle 0.0512964 136 314 198 405
Shoe 0.0502158 378 238 452 280
Goggle 0.0484647 42 197 506 479
Person 0.0483302 213 255 512 451
Vest 0.0470998 37 209 489 472
Helmet 0.0436382 40 266 179 486
Helmet 0.0433345 30 272 176 366
Vest 0.0414026 10 122 52 144
Helmet 0.0408545 118 284 215 433
Goggle 0.0403250 145 289 176 366
Person 0.0387706 12 117 48 140
Shoe 0.0384770 149 296 194 388
Goggle 0.0379522 202 316 223 358
Person 0.0374869 40 275 282 425
Goggle 0.0372482 156 304 183 360
Helmet 0.0362728 94 264 224 377
Person 0.0360768 360 225 501 295
Person 0.0359937 23 147 511 391
Helmet 0.0343517 87 298 189 463
Helmet 0.0339189 74 334 184 400
Person 0.0335065 251 166 512 512
Person 0.0334688 366 233 454 271
Goggle 0.0331008 143 297 203 349
Goggle 0.0328848 40 268 214 415
Helmet 0.0320278 62 291 148 347
Shoe 0.0315628 439 392 506 452
Person 0.0312233 10 293 512 512
Person 0.0311778 150 290 193 386
Person 0.0310504 290 441 451 508
Shoe 0.0308322 457 220 512 286
Goggle 0.0307440 168 307 215 397
Goggle 0.0305679 90 300 168 365
Helmet 0.0303007 31 333 186 434
Shoe 0.0300564 461 366 509 454
Shoe 0.0298923 436 219 511 353
Shoe 0.0290562 427 357 512 457
Helmet 0.0289632 90 300 168 365
Shoe 0.0283857 440 270 493 315
Helmet 0.0280942 144 322 183 397
Goggle 0.0272013 196 302 229 368
Helmet 0.0268764 9 123 50 145
Person 0.0265049 434 224 508 311
Shoe 0.0264229 464 260 510 359
Shoe 0.0263176 283 442 439 508
Helmet 0.0263062 0 121 502 418
Shoe 0.0262315 360 225 501 295
Goggle 0.0259011 135 306 172 392
Goggle 0.0253051 195 317 216 361
Goggle 0.0252808 154 256 224 381
Goggle 0.0252442 148 308 189 340
Helmet 0.0252342 0 0 56 24
Helmet 0.0249774 65 250 146 379
Goggle 0.0249755 161 308 200 373
Shoe 0.0249713 481 246 512 323
Goggle 0.0247533 122 347 193 394
Shoe 0.0247349 197 284 512 466
Shoe 0.0244921 383 231 475 270
Person 0.0244775 332 200 377 223
Person 0.0244184 1 118 49 153
Person 0.0243015 47 238 365 391
Helmet 0.0238397 47 255 357 410
Person 0.0237195 0 0 512 512
Vest 0.0237172 337 230 479 290
Person 0.0235634 323 182 506 455
Person 0.0233839 131 254 512 512
Helmet 0.0232156 381 235 453 277
Shoe 0.0231093 464 400 510 482
Helmet 0.0230990 0 304 242 457
Goggle 0.0230193 118 284 215 433
Vest 0.0227427 163 297 512 493
Helmet 0.0227057 41 282 140 421
Person 0.0226678 68 219 229 461
Vest 0.0226360 119 127 468 512
Person 0.0225745 155 26 217 60
Helmet 0.0224365 155 317 202 408
Shoe 0.0223963 10 122 52 144
Goggle 0.0222361 87 298 189 463
Person 0.0221604 214 215 512 372
Helmet 0.0221396 288 229 512 508