Goggle 0.7713479 143 327 186 387
Helmet 0.7585130 58 90 145 172
Helmet 0.7007125 171 176 230 230
Goggle 0.6664855 208 249 244 301
Helmet 0.5725827 147 243 218 302
Person 0.5565134 165 209 504 334
Goggle 0.5216976 135 97 176 171
Person 0.5139456 66 1 509 210
Person 0.4183996 77 312 512 512
Person 0.3772750 169 154 491 260
Helmet 0.3645417 97 323 181 397
Goggle 0.2247802 115 320 186 399
Person 0.2184238 104 140 512 305
Helmet 0.2164052 144 323 186 390
Helmet 0.1522168 167 239 247 305
Goggle 0.1409902 100 84 178 187
Goggle 0.1355494 152 323 199 402
Vest 0.1286742 89 0 501 198
Goggle 0.1240957 145 240 218 302
Helmet 0.1222332 209 248 244 299
Goggle 0.1160573 58 93 143 173
Person 0.1143660 177 65 508 223
Goggle 0.1142261 169 237 239 313
Goggle 0.1099477 171 176 229 229
Helmet 0.1088047 90 332 148 395
Goggle 0.1082326 230 182 253 226
Goggle 0.1055232 114 90 158 178
Vest 0.1050581 194 214 470 325
Helmet 0.1032502 157 208 228 305
Helmet 0.1010347 103 96 161 174
Goggle 0.1000753 191 233 254 302
Person 0.0997934 103 170 505 405
Helmet 0.0976800 166 185 226 268
Goggle 0.0956582 87 325 155 394
Person 0.0955936 226 145 479 224
Goggle 0.0953048 137 293 199 394
Helmet 0.0907080 136 97 176 172
Vest 0.0873384 171 177 229 229
Shoe 0.0834829 164 208 497 333
Helmet 0.0832879 3 2 107 46
Goggle 0.0821578 132 73 193 180
Person 0.0820818 213 184 461 302
Goggle 0.0787130 210 177 256 231
Helmet 0.0742932 79 90 170 194
Helmet 0.0742073 157 169 256 235
Goggle 0.0728992 180 330 208 385
Person 0.0711061 204 80 239 99
Goggle 0.0702940 217 239 265 313
Vest 0.0689203 174 151 491 249
Person 0.0688045 132 0 497 373
Goggle 0.0686488 144 328 182 358
Goggle 0.0678050 153 93 196 172
Goggle 0.0667854 148 319 190 366
Person 0.0667659 117 248 512 462
Goggle 0.0654489 139 348 177 392
Goggle 0.0652583 142 100 168 155
Goggle 0.0647073 141 337 180 372
Vest 0.0642598 63 94 144 170
Goggle 0.0638401 166 328 200 384
Shoe 0.0627719 143 327 186 387
Goggle 0.0625438 169 320 214 400
Person 0.0624185 166 174 244 232
Helmet 0.0583336 66 1 509 210
Person 0.0570396 61 92 145 175
Person 0.0563034 127 188 479 512
Shoe 0.0560701 209 246 245 303
Vest 0.0560316 208 59 487 224
Goggle 0.0543745 137 112 162 172
Helmet 0.0534151 87 303 212 375
Person 0.0514257 75 227 435 371
Vest 0.0512072 146 245 219 301
Person 0.0511280 437 3 508 75
Shoe 0.0508692 169 154 491 260
Helmet 0.0507158 139 231 209 344
Goggle 0.0506560 195 245 233 300
Person 0.0501978 164 164 336 236
Helmet 0.0498679 53 84 135 140
Vest 0.0496823 68 316 512 512
Helmet 0.0496640 134 260 212 312
Goggle 0.0496160 154 243 273 325
Goggle 0.0495307 157 213 225 293
Helmet 0.0489195 179 182 223 216
Person 0.0487468 45 83 211 197
Helmet 0.0484905 80 309 150 414
Goggle 0.0480731 130 319 238 393
Person 0.0476705 115 168 180 203
Helmet 0.0474309 32 70 182 176
Goggle 0.0473353 217 180 239 230
Person 0.0471866 144 320 188 385
Shoe 0.0468247 65 314 512 512
Goggle 0.0466741 168 190 229 262
Helmet 0.0465483 193 176 247 232
Vest 0.0464295 204 80 239 99
Goggle 0.0463646 100 118 169 176
Person 0.0459571 254 204 436 368
Shoe 0.0458438 443 6 509 69
Vest 0.0453955 6 2 111 48
Helmet 0.0452616 149 231 298 311
Goggle 0.0450652 151 335 195 373
Person 0.0449974 259 175 453 242