Goggle 0.6925812 190 261 279 421
Vest 0.6562844 356 246 512 499
Goggle 0.2807039 183 299 253 436
Goggle 0.2591778 138 244 282 447
Person 0.2327676 355 240 512 511
Person 0.2215566 26 124 512 489
Helmet 0.1775880 190 261 279 421
Helmet 0.1458932 355 240 512 511
Goggle 0.1179333 199 238 287 359
Shoe 0.1053844 190 261 279 421
Person 0.0956582 190 261 279 421
Person 0.0921964 267 128 512 512
Vest 0.0880340 305 143 512 512
Person 0.0822093 236 225 495 484
Goggle 0.0773471 27 255 261 466
Vest 0.0731761 425 251 510 423
Shoe 0.0712179 361 251 512 509
Helmet 0.0696800 135 249 285 461
Goggle 0.0686288 171 330 239 459
Goggle 0.0660525 191 312 264 394
Person 0.0653647 2 15 479 375
Goggle 0.0633785 98 290 315 467
Goggle 0.0622828 153 238 355 404
Vest 0.0598486 341 343 512 512
Goggle 0.0593998 219 257 272 363
Vest 0.0589482 157 105 511 512
Goggle 0.0558181 193 358 239 447
Helmet 0.0554414 24 268 276 450
Goggle 0.0550298 13 115 498 476
Person 0.0541459 46 188 421 404
Helmet 0.0520088 1 8 79 69
Goggle 0.0512054 207 247 259 340
Goggle 0.0504525 137 312 262 420
Vest 0.0504086 236 225 495 484
Helmet 0.0487335 0 163 512 508
Goggle 0.0477844 215 288 304 469
Goggle 0.0461552 185 339 228 436
Goggle 0.0444520 206 332 254 433
Vest 0.0439636 409 167 512 463
Goggle 0.0432008 142 303 227 471
Goggle 0.0423297 194 326 238 415
Goggle 0.0417703 170 218 264 384
Goggle 0.0407178 182 356 253 415
Goggle 0.0403344 160 295 266 494
Person 0.0399132 12 239 340 447
Vest 0.0391932 352 426 512 508
Vest 0.0390442 251 201 512 512
Helmet 0.0387610 2 1 73 42
Goggle 0.0386462 5 4 74 76
Goggle 0.0382367 61 210 365 462
Vest 0.0374157 414 233 512 344
Goggle 0.0363008 124 350 262 445
Shoe 0.0359925 188 317 247 417
Helmet 0.0354548 11 198 363 401
Person 0.0345217 325 119 512 426
Person 0.0342589 187 184 419 512
Goggle 0.0341201 214 283 269 409
Goggle 0.0340176 188 330 297 428
Shoe 0.0339271 13 115 498 476
Vest 0.0339155 405 300 506 474
Person 0.0337153 93 142 512 335
Helmet 0.0332938 165 332 282 439
Goggle 0.0330256 178 381 252 455
Goggle 0.0329282 211 215 309 388
Goggle 0.0324674 13 0 73 44
Goggle 0.0318936 190 242 243 295
Goggle 0.0316353 222 238 272 319
Person 0.0314065 0 0 512 512
Goggle 0.0309534 183 387 224 460
Goggle 0.0307837 238 246 284 335
Goggle 0.0306341 193 261 244 390
Goggle 0.0304958 193 283 268 343
Person 0.0301594 0 147 351 512
Goggle 0.0296167 200 294 280 363
Vest 0.0289245 172 248 285 419
Person 0.0286966 19 69 443 270
Goggle 0.0285794 236 267 284 378
Goggle 0.0282770 92 280 196 457
Goggle 0.0281864 202 264 282 326
Person 0.0279699 170 201 306 429
Goggle 0.0278119 61 314 231 421
Goggle 0.0275182 192 232 314 314
Helmet 0.0274209 177 228 296 362
Goggle 0.0272706 174 329 249 388
Goggle 0.0270593 201 335 281 403
Vest 0.0268812 417 365 511 512
Helmet 0.0267235 410 239 510 446
Goggle 0.0266194 310 257 512 464
Goggle 0.0264043 58 196 275 392
Helmet 0.0261678 310 84 512 512
Person 0.0259792 379 294 512 512
Goggle 0.0259720 206 233 246 309
Helmet 0.0259333 183 299 253 436
Goggle 0.0256240 128 229 284 327
Vest 0.0256038 316 379 503 512
Helmet 0.0255607 224 225 512 480
Goggle 0.0253402 71 311 266 512
Goggle 0.0251993 121 252 247 381
Vest 0.0251779 150 194 512 413
Goggle 0.0250494 188 347 266 477