Person 0.7223751 50 228 508 498
Goggle 0.6561077 128 326 178 423
Shoe 0.4024101 395 244 492 343
Vest 0.2456630 241 261 483 482
Helmet 0.2316025 43 324 158 423
Vest 0.1542464 80 225 496 494
Helmet 0.1385750 85 320 186 426
Goggle 0.1162933 59 324 166 429
Helmet 0.1100623 129 322 178 427
Goggle 0.0935226 99 316 185 435
Goggle 0.0878055 146 328 200 423
Goggle 0.0818792 133 323 164 405
Goggle 0.0760614 127 305 208 440
Helmet 0.0729723 26 293 204 448
Goggle 0.0727230 394 244 492 338
Shoe 0.0695581 41 219 512 496
Shoe 0.0674526 344 239 488 370
Helmet 0.0652211 41 219 512 496
Vest 0.0636678 292 246 490 372
Goggle 0.0607052 123 355 162 431
Shoe 0.0579390 433 284 494 341
Goggle 0.0576371 30 211 503 502
Shoe 0.0562863 129 327 179 429
Helmet 0.0560388 127 305 208 440
Goggle 0.0538245 144 325 177 389
Goggle 0.0506139 110 333 171 400
Shoe 0.0488121 413 263 510 363
Person 0.0462611 185 185 512 512
Helmet 0.0443382 344 239 488 370
Person 0.0443239 17 113 512 512
Goggle 0.0421109 68 288 207 435
Shoe 0.0403563 254 242 503 399
Goggle 0.0381755 137 338 194 396
Person 0.0380238 238 276 491 487
Vest 0.0375847 81 323 191 416
Helmet 0.0374288 220 249 479 512
Vest 0.0373759 185 185 512 512
Person 0.0373631 0 62 479 469
Person 0.0366038 61 326 171 423
Goggle 0.0365908 134 353 186 413
Helmet 0.0358236 41 343 136 401
Person 0.0357821 413 232 499 342
Helmet 0.0348197 117 356 174 418
Shoe 0.0342823 357 232 484 314
Person 0.0338933 102 325 512 512
Person 0.0336288 254 242 503 399
Goggle 0.0334575 313 247 489 358
Person 0.0332965 33 262 185 473
Person 0.0316620 355 245 493 349
Goggle 0.0315915 115 359 199 434
Goggle 0.0311590 121 321 157 415
Goggle 0.0306166 33 262 185 473
Shoe 0.0305274 183 408 227 432
Person 0.0305034 416 82 496 115
Vest 0.0298850 367 240 493 329
Person 0.0297524 127 305 208 440
Helmet 0.0292748 121 324 158 420
Goggle 0.0290167 89 244 233 503
Goggle 0.0288922 84 342 155 408
Shoe 0.0286536 455 279 505 339
Person 0.0281495 47 292 283 451
Helmet 0.0279775 84 338 152 417
Goggle 0.0276197 130 371 178 457
Vest 0.0275105 347 218 497 428
Vest 0.0274758 200 224 446 421
Vest 0.0272354 199 320 488 512
Goggle 0.0271539 117 376 177 426
Person 0.0271188 126 324 177 426
Vest 0.0269287 272 309 512 505
Helmet 0.0269065 110 333 171 400
Vest 0.0265899 27 312 179 425
Person 0.0265479 316 0 365 12
Helmet 0.0263808 50 306 289 469
Person 0.0263135 0 92 512 512
Goggle 0.0262361 128 313 154 380
Goggle 0.0260814 142 346 168 412
Vest 0.0260620 272 315 440 471
Shoe 0.0257070 235 278 497 484
Helmet 0.0256474 66 338 160 497
Shoe 0.0255907 136 344 168 396
Helmet 0.0255623 410 238 502 359
Goggle 0.0255015 137 321 158 370
Goggle 0.0253415 66 338 160 497
Person 0.0252363 431 70 509 109
Vest 0.0248014 410 238 502 359
Goggle 0.0246745 154 359 204 444
Person 0.0244703 0 246 418 512
Helmet 0.0241950 254 242 503 399
Shoe 0.0240742 424 248 501 324
Person 0.0240276 422 89 451 112
Person 0.0239025 182 407 235 433
Person 0.0238020 89 244 233 503
Goggle 0.0236789 100 334 147 433
Goggle 0.0233796 144 323 166 371
Goggle 0.0233297 50 306 289 469
Goggle 0.0233045 117 296 192 394
Helmet 0.0230673 99 337 189 502
Vest 0.0227879 316 0 365 12
Person 0.0227044 269 247 512 512
Goggle 0.0223953 123 323 240 404