Goggle 0.7297725 182 207 244 307
Helmet 0.6855549 0 316 146 497
Goggle 0.5181488 131 343 202 507
Helmet 0.4244890 58 204 200 312
Person 0.2530455 65 131 503 475
Goggle 0.2464407 0 319 148 500
Goggle 0.2397892 58 204 200 312
Goggle 0.2233642 37 308 203 512
Goggle 0.1977760 100 302 233 512
Goggle 0.1795101 135 201 230 317
Helmet 0.1752096 25 307 201 512
Person 0.1633820 0 316 146 497
Helmet 0.1451208 40 202 180 423
Person 0.1408761 62 280 512 512
Helmet 0.1376109 130 333 205 503
Helmet 0.1173321 103 324 188 512
Helmet 0.1164603 127 214 247 308
Goggle 0.1036347 154 173 257 338
Goggle 0.0965788 117 416 199 509
Goggle 0.0939926 188 203 271 332
Goggle 0.0917102 70 185 286 336
Goggle 0.0899551 26 262 173 459
Goggle 0.0899306 185 238 227 313
Helmet 0.0886084 25 223 180 339
Goggle 0.0879792 20 203 191 387
Goggle 0.0816874 82 336 191 500
Shoe 0.0791559 184 206 244 310
Person 0.0785349 24 324 326 509
Helmet 0.0763329 184 205 243 309
Goggle 0.0743251 96 166 220 319
Person 0.0704431 56 198 203 308
Goggle 0.0699677 198 200 240 281
Helmet 0.0698402 6 321 147 421
Goggle 0.0693556 109 195 225 387
Helmet 0.0667979 28 168 259 319
Vest 0.0660365 4 317 149 499
Helmet 0.0656453 68 215 251 346
Goggle 0.0648111 216 444 239 480
Helmet 0.0640967 46 190 193 264
Vest 0.0618802 70 168 512 512
Goggle 0.0614403 62 228 247 472
Goggle 0.0599105 151 375 238 512
Goggle 0.0595710 212 213 265 310
Goggle 0.0589631 129 323 183 466
Goggle 0.0565628 131 254 218 453
Helmet 0.0547608 62 372 225 512
Vest 0.0542444 56 200 204 317
Goggle 0.0532080 94 257 189 455
Goggle 0.0525890 152 399 205 502
Goggle 0.0514517 53 351 153 512
Goggle 0.0504650 159 234 225 294
Goggle 0.0503712 154 301 241 492
Helmet 0.0498363 125 213 217 367
Person 0.0496516 0 66 512 341
Goggle 0.0484045 15 225 366 510
Goggle 0.0480919 82 232 231 339
Helmet 0.0476210 94 257 189 455
Goggle 0.0469887 87 326 316 496
Helmet 0.0465372 27 278 340 468
Goggle 0.0465364 171 216 216 312
Helmet 0.0459412 53 351 153 512
Helmet 0.0452045 161 204 278 294
Helmet 0.0450951 29 185 512 508
Vest 0.0449841 285 409 510 510
Vest 0.0445040 24 324 326 509
Helmet 0.0437688 80 164 232 421
Goggle 0.0431286 120 161 271 425
Person 0.0419034 0 0 512 507
Helmet 0.0418547 95 180 232 289
Goggle 0.0412040 140 447 193 512
Goggle 0.0401310 206 442 236 492
Goggle 0.0400284 65 131 503 475
Helmet 0.0399397 66 342 192 470
Person 0.0398827 37 308 203 512
Goggle 0.0393400 244 435 296 481
Helmet 0.0389719 69 196 176 242
Person 0.0387667 1 285 231 460
Helmet 0.0386570 0 284 106 463
Person 0.0384725 20 203 191 387
Helmet 0.0381745 0 281 182 448
Vest 0.0380571 286 145 504 329
Shoe 0.0377224 132 382 196 491
Helmet 0.0376636 0 235 245 497
Goggle 0.0376089 246 240 275 298
Goggle 0.0373354 115 350 172 493
Person 0.0371547 0 226 425 512
Helmet 0.0371524 131 254 218 453
Goggle 0.0368612 170 207 237 270
Goggle 0.0368425 130 243 268 339
Goggle 0.0365763 0 194 194 512
Person 0.0358850 189 89 512 512
Goggle 0.0357023 134 395 181 487
Goggle 0.0355173 256 245 278 291
Helmet 0.0355108 165 213 248 373
Goggle 0.0353548 129 384 202 460
Person 0.0350345 0 183 243 512
Goggle 0.0349641 133 403 215 512
Helmet 0.0347763 124 402 234 502
Person 0.0345980 99 197 267 319
Goggle 0.0336679 136 418 213 485