Goggle 0.7332972 175 312 269 509
Vest 0.3250464 388 220 505 502
Goggle 0.2391827 128 296 255 512
Person 0.2119309 77 32 512 507
Helmet 0.2117311 177 324 269 512
Person 0.0864394 288 92 512 512
Shoe 0.0819545 175 322 269 505
Goggle 0.0816869 150 351 233 512
Person 0.0711222 175 322 269 505
Goggle 0.0691908 202 362 276 511
Helmet 0.0691252 384 230 511 500
Goggle 0.0627364 157 335 329 502
Helmet 0.0616130 128 296 255 512
Person 0.0599257 384 224 511 509
Shoe 0.0561649 377 251 512 497
Vest 0.0556568 225 9 512 512
Goggle 0.0554385 86 74 512 512
Goggle 0.0532144 187 312 250 449
Goggle 0.0525321 165 382 257 512
Person 0.0506712 0 0 512 512
Helmet 0.0489981 440 4 512 166
Vest 0.0460502 316 103 510 494
Goggle 0.0448205 207 320 269 459
Goggle 0.0442176 210 316 302 496
Person 0.0439173 107 202 512 512
Goggle 0.0432358 113 322 191 507
Person 0.0428671 421 3 504 166
Goggle 0.0423410 73 260 223 512
Person 0.0416359 201 201 485 489
Helmet 0.0405868 151 370 259 489
Person 0.0403556 65 301 253 512
Goggle 0.0378746 175 403 290 503
Goggle 0.0378321 166 273 307 466
Person 0.0372846 360 0 507 257
Vest 0.0365287 426 250 509 421
Vest 0.0359401 413 162 512 465
Goggle 0.0352918 127 176 328 512
Person 0.0348305 343 0 512 493
Person 0.0337949 186 76 493 388
Helmet 0.0330530 75 346 247 503
Shoe 0.0330129 421 3 504 166
Person 0.0329272 274 4 512 166
Vest 0.0328776 409 0 509 217
Goggle 0.0321584 126 355 300 512
Person 0.0317077 156 150 426 512
Vest 0.0315116 447 23 512 191
Person 0.0314038 68 0 504 244
Shoe 0.0311933 77 32 512 507
Person 0.0304548 352 6 510 97
Helmet 0.0296729 37 135 512 512
Person 0.0292556 25 56 356 512
Goggle 0.0278842 197 414 272 484
Goggle 0.0276405 25 56 356 512
Goggle 0.0273004 457 1 509 131
Goggle 0.0270259 141 317 240 454
Helmet 0.0264226 39 273 196 512
Vest 0.0263409 390 294 512 512
Helmet 0.0263192 188 280 286 472
Goggle 0.0257297 184 396 261 468
Person 0.0254401 361 173 512 512
Goggle 0.0252604 203 348 252 481
Helmet 0.0250326 189 379 281 512
Goggle 0.0249423 181 162 411 512
Person 0.0248471 271 25 512 318
Helmet 0.0245392 169 334 331 512
Person 0.0245313 43 267 433 512
Vest 0.0245288 167 327 271 510
Goggle 0.0245158 137 430 290 512
Helmet 0.0244360 316 103 510 494
Person 0.0243380 273 240 512 452
Vest 0.0242788 62 0 497 450
Person 0.0242621 131 5 407 158
Goggle 0.0238006 4 0 164 307
Goggle 0.0237989 155 0 380 175
Goggle 0.0236573 173 326 286 427
Person 0.0236114 226 0 512 512
Vest 0.0234591 257 226 512 512
Shoe 0.0232452 457 1 509 131
Helmet 0.0227700 225 9 512 512
Goggle 0.0227637 141 402 227 512
Goggle 0.0226708 1 449 40 512
Shoe 0.0225978 316 103 510 494
Goggle 0.0224695 183 397 334 512
Person 0.0224322 63 106 426 337
Goggle 0.0223868 0 0 53 162
Vest 0.0222023 371 265 512 427
Vest 0.0221569 361 173 512 512
Person 0.0220739 127 176 328 512
Goggle 0.0219081 141 308 461 505
Person 0.0218608 5 0 371 353
Person 0.0217401 433 0 512 200
Person 0.0217284 246 0 495 106
Goggle 0.0216704 209 412 258 512
Person 0.0215349 457 1 509 131
Vest 0.0214883 444 287 512 460
Helmet 0.0212884 131 5 407 158
Goggle 0.0212493 51 187 282 512
Goggle 0.0211264 189 441 270 512
Helmet 0.0208525 113 322 191 507
Vest 0.0208241 428 330 511 505