Helmet 0.8927118 41 264 130 348
Vest 0.7873772 234 203 495 406
Person 0.6236578 83 188 512 422
Vest 0.4881910 25 4 189 56
Goggle 0.2874864 124 264 163 347
Shoe 0.2184680 471 217 505 292
Vest 0.1821596 11 0 248 73
Goggle 0.1529180 35 259 129 350
Helmet 0.1378432 27 241 155 371
Helmet 0.1198405 144 0 190 56
Vest 0.1093320 39 259 129 345
Vest 0.1071125 76 186 512 431
Vest 0.0942620 91 0 196 51
Goggle 0.0860036 76 249 167 355
Helmet 0.0857230 51 0 188 53
Person 0.0851289 25 4 189 56
Person 0.0823929 0 73 512 406
Goggle 0.0810354 117 240 181 354
Person 0.0809223 20 211 233 404
Person 0.0785143 19 247 168 367
Person 0.0770794 40 260 134 354
Helmet 0.0763789 71 279 147 343
Helmet 0.0761701 111 193 489 419
Goggle 0.0759882 133 269 158 326
Goggle 0.0705216 162 191 489 418
Helmet 0.0684864 129 258 168 340
Shoe 0.0679759 459 206 500 278
Goggle 0.0678155 71 279 147 343
Vest 0.0674673 0 0 142 47
Shoe 0.0631432 486 305 512 396
Goggle 0.0620679 138 258 180 339
Shoe 0.0613956 492 335 510 393
Person 0.0592923 5 0 420 94
Helmet 0.0591822 3 240 234 402
Vest 0.0573306 6 13 252 126
Helmet 0.0572128 76 249 167 355
Helmet 0.0569025 29 285 130 434
Goggle 0.0549095 48 255 151 387
Vest 0.0548814 318 15 387 56
Vest 0.0547571 48 255 151 387
Person 0.0532193 467 213 505 292
Shoe 0.0523759 230 198 503 407
Person 0.0521745 11 0 248 73
Helmet 0.0509480 20 253 121 325
Goggle 0.0506231 122 262 149 334
Vest 0.0491784 0 96 35 184
Shoe 0.0490329 479 219 502 268
Goggle 0.0470515 92 261 141 356
Helmet 0.0461298 25 271 104 386
Person 0.0450254 62 128 512 477
Vest 0.0443693 218 196 364 401
Helmet 0.0437584 19 4 238 69
Shoe 0.0433608 466 213 509 335
Shoe 0.0433055 52 178 512 428
Person 0.0425061 0 269 492 488
Vest 0.0417901 20 0 119 30
Person 0.0417528 0 146 357 435
Shoe 0.0413467 466 189 509 266
Shoe 0.0409262 472 290 508 393
Helmet 0.0407344 1 5 44 57
Person 0.0406196 72 0 328 55
Vest 0.0404190 238 236 410 377
Person 0.0403435 271 466 424 510
Vest 0.0402423 178 103 506 512
Vest 0.0400620 0 5 50 52
Person 0.0395673 10 274 295 430
Shoe 0.0388810 487 228 508 287
Helmet 0.0382636 58 262 189 386
Person 0.0370542 246 170 512 374
Helmet 0.0369925 32 305 143 364
Shoe 0.0368933 451 197 501 249
Vest 0.0367733 57 2 166 39
Vest 0.0364570 182 160 402 361
Vest 0.0363706 0 10 100 59
Person 0.0363080 0 0 512 512
Goggle 0.0363025 140 274 164 336
Goggle 0.0361797 62 0 194 53
Person 0.0352736 0 233 26 258
Helmet 0.0350675 0 2 110 48
Person 0.0350161 472 290 508 393
Person 0.0342256 490 322 511 394
Helmet 0.0341073 97 8 199 57
Helmet 0.0340825 116 0 219 48
Vest 0.0339958 277 466 415 507
Helmet 0.0339495 99 328 148 351
Person 0.0338631 12 238 157 466
Goggle 0.0334971 135 290 160 347
Goggle 0.0331897 29 285 130 434
Shoe 0.0331552 490 295 510 358
Helmet 0.0331104 8 417 79 457
Vest 0.0327632 209 305 512 444
Person 0.0327394 165 458 342 511
Person 0.0326456 0 0 495 230
Helmet 0.0325035 0 465 99 508
Goggle 0.0322527 115 275 153 353
Person 0.0320321 18 42 413 171
Vest 0.0319433 23 0 207 173
Shoe 0.0314424 457 185 512 306
Person 0.0312788 198 140 507 512
Helmet 0.0312370 36 257 115 298