Goggle 0.7382718 183 268 276 429
Helmet 0.2082634 183 268 276 429
Goggle 0.1629830 127 257 286 460
Shoe 0.0975454 183 268 276 429
Person 0.0923457 183 268 276 429
Goggle 0.0662018 87 196 364 486
Helmet 0.0588000 124 232 274 465
Goggle 0.0540272 178 293 321 473
Goggle 0.0539938 64 95 491 494
Goggle 0.0530713 189 312 267 391
Goggle 0.0492447 156 246 352 405
Goggle 0.0476331 179 319 258 462
Goggle 0.0466135 191 324 285 499
Goggle 0.0457137 209 256 275 382
Goggle 0.0425258 176 229 298 365
Goggle 0.0410209 191 249 251 384
Goggle 0.0400088 144 288 239 469
Person 0.0383566 122 253 290 447
Goggle 0.0339257 87 251 258 512
Person 0.0339220 64 95 491 494
Goggle 0.0338874 172 297 251 411
Shoe 0.0328537 127 257 286 460
Shoe 0.0320536 64 95 491 494
Goggle 0.0307226 190 246 373 512
Goggle 0.0306826 202 197 318 415
Vest 0.0305124 172 260 277 433
Goggle 0.0297312 65 0 512 512
Goggle 0.0292579 39 100 322 512
Goggle 0.0280989 125 338 269 442
Helmet 0.0280916 0 21 512 406
Goggle 0.0279559 105 260 203 432
Goggle 0.0275376 218 313 269 421
Helmet 0.0269775 0 6 512 512
Helmet 0.0267564 95 216 369 405
Goggle 0.0257919 196 294 280 365
Shoe 0.0248966 87 196 364 486
Helmet 0.0248892 102 0 508 512
Person 0.0246560 0 12 512 356
Goggle 0.0245415 121 263 264 368
Goggle 0.0239897 0 6 512 512
Goggle 0.0239719 97 329 337 486
Goggle 0.0238373 248 176 445 512
Helmet 0.0237644 42 150 433 512
Goggle 0.0236055 135 372 299 468
Goggle 0.0233477 195 320 304 412
Helmet 0.0225605 167 263 342 486
Shoe 0.0222417 192 299 261 406
Goggle 0.0222024 0 21 512 406
Goggle 0.0221200 232 293 282 400
Person 0.0220170 95 216 369 405
Goggle 0.0219305 0 0 59 135
Person 0.0219256 180 191 370 501
Goggle 0.0218843 208 329 257 438
Goggle 0.0215342 247 253 339 434
Helmet 0.0213935 215 346 240 398
Goggle 0.0211017 156 249 501 452
Goggle 0.0209279 178 244 262 336
Person 0.0207823 433 2 511 45
Vest 0.0207142 107 257 349 446
Goggle 0.0204039 191 357 273 415
Goggle 0.0203599 119 64 320 438
Helmet 0.0203060 224 345 249 397
Helmet 0.0202298 213 290 306 470
Goggle 0.0200398 105 170 258 427
Helmet 0.0199239 142 242 231 431
Helmet 0.0196688 167 211 262 403
Goggle 0.0196309 235 13 512 512
Person 0.0195230 23 0 512 512
Goggle 0.0192991 225 340 313 507
Shoe 0.0192596 167 263 342 486
Person 0.0191504 434 0 509 134
Helmet 0.0189367 125 338 269 442
Person 0.0188892 424 465 511 509
Goggle 0.0186654 45 234 512 512
Helmet 0.0185877 85 238 236 512
Helmet 0.0185079 208 337 232 390
Person 0.0184703 90 302 359 488
Person 0.0184599 0 0 512 512
Helmet 0.0183351 23 0 512 512
Helmet 0.0182484 57 308 317 488
Helmet 0.0181968 208 357 232 403
Goggle 0.0180258 0 0 32 71
Shoe 0.0179963 248 176 445 512
Goggle 0.0178826 2 0 49 87
Goggle 0.0177936 394 236 512 512
Goggle 0.0177728 187 272 269 326
Person 0.0176751 466 6 508 102
Helmet 0.0176718 216 329 240 382
Goggle 0.0176038 193 305 230 394
Person 0.0175887 379 434 512 508
Helmet 0.0173300 191 324 285 499
Goggle 0.0172933 199 361 285 449
Helmet 0.0171311 209 324 244 399
Person 0.0171278 464 408 509 506
Goggle 0.0170869 226 269 305 409
Person 0.0170351 156 249 501 452
Person 0.0169525 248 176 445 512
Goggle 0.0168981 200 273 241 357
Helmet 0.0168097 170 303 245 451
Helmet 0.0168068 0 0 76 30