Helmet 0.8992185 40 2 238 168
Vest 0.8162948 334 157 506 392
Helmet 0.7534114 128 199 246 312
Person 0.6493421 83 65 512 432
Goggle 0.5294280 255 10 344 156
Vest 0.4717632 404 1 503 235
Vest 0.3494470 378 26 512 345
Vest 0.3388374 274 45 509 417
Goggle 0.3106496 230 211 269 302
Person 0.2249734 23 0 451 224
Vest 0.2220451 423 2 511 154
Goggle 0.2157470 216 0 390 166
Helmet 0.2146671 250 8 355 154
Person 0.2045401 281 81 508 437
Goggle 0.1887809 40 2 238 168
Person 0.1810326 404 1 503 235
Helmet 0.1781112 117 173 265 361
Goggle 0.1764355 213 191 279 305
Helmet 0.1755780 84 0 342 165
Helmet 0.1626155 23 0 451 224
Person 0.1585507 40 2 238 168
Vest 0.1545455 102 15 512 441
Vest 0.1527694 40 2 238 168
Goggle 0.1422834 84 0 342 165
Person 0.1256983 423 2 511 154
Goggle 0.1220445 137 206 240 325
Vest 0.1216914 317 249 512 419
Vest 0.1185452 448 0 507 42
Person 0.1140108 84 0 342 165
Person 0.1125458 378 26 512 345
Person 0.1086404 337 175 506 390
Goggle 0.1058544 184 183 263 300
Helmet 0.1045240 83 65 512 432
Helmet 0.1040112 334 157 506 392
Helmet 0.0985745 404 2 508 203
Vest 0.0932433 446 0 509 106
Helmet 0.0928247 59 20 253 270
Person 0.0874418 117 173 265 361
Vest 0.0865446 418 126 510 287
Person 0.0829230 230 0 474 167
Shoe 0.0797636 404 2 508 203
Helmet 0.0750775 171 191 269 337
Helmet 0.0731307 207 0 395 174
Goggle 0.0727913 224 224 255 305
Vest 0.0725589 130 192 248 314
Person 0.0716718 196 0 508 304
Helmet 0.0712187 230 211 269 302
Vest 0.0704758 274 0 512 248
Vest 0.0700545 366 287 508 385
Goggle 0.0697346 59 20 253 270
Goggle 0.0690451 75 60 505 424
Person 0.0688838 350 0 512 433
Vest 0.0667362 23 0 451 224
Shoe 0.0659985 73 52 500 436
Goggle 0.0636068 158 24 308 141
Person 0.0615993 250 0 355 146
Person 0.0614143 43 0 384 408
Helmet 0.0608931 84 53 227 187
Vest 0.0607794 350 0 512 433
Helmet 0.0607467 107 23 335 308
Vest 0.0607364 175 177 508 436
Goggle 0.0599415 111 169 254 309
Helmet 0.0591699 140 216 230 286
Goggle 0.0590272 29 0 438 253
Helmet 0.0568105 124 0 250 157
Helmet 0.0565146 378 26 512 345
Person 0.0544753 390 2 501 91
Vest 0.0538899 408 1 511 59
Vest 0.0536909 463 0 510 65
Vest 0.0529277 356 126 512 315
Goggle 0.0526682 270 52 324 163
Vest 0.0524991 436 30 512 242
Vest 0.0521413 308 292 369 326
Helmet 0.0507698 197 202 281 307
Person 0.0506204 53 209 512 507
Goggle 0.0495291 144 0 314 196
Vest 0.0491000 399 110 511 223
Goggle 0.0486571 207 44 342 202
Helmet 0.0485046 43 0 384 408
Helmet 0.0481886 158 24 308 141
Person 0.0480390 121 176 425 349
Vest 0.0479978 303 173 512 466
Goggle 0.0474964 107 23 335 308
Shoe 0.0473161 250 0 355 146
Person 0.0460812 165 35 430 367
Vest 0.0457317 453 0 510 23
Helmet 0.0448872 140 190 248 266
Helmet 0.0445226 273 8 512 404
Helmet 0.0444843 141 237 237 307
Vest 0.0444507 412 247 509 397
Person 0.0441617 0 0 512 512
Goggle 0.0438587 256 17 440 135
Goggle 0.0437856 197 231 262 295
Helmet 0.0437040 248 5 466 152
Goggle 0.0433601 245 16 305 149
Vest 0.0428933 362 211 512 378
Helmet 0.0423987 0 36 218 200
Goggle 0.0423276 236 236 263 298
Helmet 0.0421276 114 195 375 371
Vest 0.0418199 290 310 512 456