Helmet 0.7738670 191 237 264 299
Helmet 0.7568799 79 172 159 231
Helmet 0.7155181 90 294 159 353
Vest 0.6909209 191 101 459 227
Vest 0.6516886 310 207 484 318
Vest 0.6148200 218 298 484 416
Person 0.5014127 97 262 512 439
Vest 0.5005792 261 152 487 289
Person 0.4489196 107 53 504 256
Vest 0.3854197 257 243 483 362
Person 0.2963409 223 305 477 412
Goggle 0.2685659 138 169 169 222
Goggle 0.2123848 150 298 178 356
Shoe 0.2004665 469 475 508 511
Vest 0.1869234 117 54 487 253
Person 0.1683581 262 192 502 313
Person 0.1665212 191 101 459 227
Helmet 0.1626606 238 236 279 298
Goggle 0.1578162 79 165 160 230
Person 0.1506964 257 243 483 362
Person 0.1424407 145 32 496 422
Shoe 0.1383128 485 479 510 510
Helmet 0.1374885 107 163 174 222
Person 0.1349657 234 136 475 268
Vest 0.1334372 321 311 507 384
Vest 0.1210876 190 238 264 299
Goggle 0.1166709 92 292 159 355
Vest 0.1162486 218 293 366 400
Person 0.1130486 154 195 512 401
Goggle 0.1049447 192 234 265 301
Vest 0.1027073 167 222 496 402
Vest 0.1002483 338 250 501 324
Helmet 0.0857723 158 64 464 238
Goggle 0.0826225 125 297 177 354
Goggle 0.0815350 149 170 183 222
Vest 0.0815298 184 111 503 308
Person 0.0813411 244 236 444 444
Goggle 0.0806029 119 165 171 231
Shoe 0.0798047 439 481 509 512
Helmet 0.0782165 215 242 289 304
Helmet 0.0776259 188 233 316 307
Helmet 0.0747954 318 205 485 312
Person 0.0736864 178 108 429 337
Vest 0.0723186 307 120 479 209
Helmet 0.0706309 106 282 171 367
Vest 0.0705175 95 295 162 354
Goggle 0.0668058 230 237 280 297
Shoe 0.0657110 480 454 512 512
Vest 0.0654169 188 118 351 217
Vest 0.0651129 309 127 443 272
Helmet 0.0647082 227 289 480 415
Helmet 0.0638289 81 278 160 332
Person 0.0634356 189 229 301 299
Vest 0.0627748 79 172 159 231
Vest 0.0626632 225 380 298 412
Vest 0.0623260 317 215 512 381
Helmet 0.0620049 125 294 185 360
Helmet 0.0605005 257 243 483 362
Vest 0.0604889 245 48 440 281
Vest 0.0599485 244 236 444 444
Person 0.0586755 77 237 326 429
Person 0.0585915 298 116 502 355
Shoe 0.0576606 409 466 512 510
Vest 0.0567676 326 209 408 311
Helmet 0.0562918 132 167 164 223
Person 0.0561118 192 309 512 473
Vest 0.0557424 319 208 447 278
Helmet 0.0544230 2 2 112 51
Vest 0.0542607 214 277 302 418
Person 0.0539880 309 217 491 438
Person 0.0534307 395 462 512 512
Vest 0.0527060 321 209 374 259
Person 0.0525353 294 437 499 503
Helmet 0.0523907 85 283 159 397
Helmet 0.0522661 75 149 159 204
Helmet 0.0520692 104 302 153 333
Helmet 0.0518071 85 160 169 277
Vest 0.0517789 241 490 304 510
Person 0.0514823 324 314 510 394
Vest 0.0513530 460 252 503 317
Helmet 0.0500936 90 81 512 323
Person 0.0499957 441 474 511 511
Goggle 0.0499752 158 64 464 238
Vest 0.0497291 439 366 504 404
Goggle 0.0491161 159 294 183 338
Vest 0.0490156 145 32 496 422
Goggle 0.0488323 144 164 167 196
Helmet 0.0486134 114 211 512 407
Helmet 0.0474715 60 147 183 223
Helmet 0.0473904 150 298 178 356
Person 0.0472126 146 286 426 402
Helmet 0.0470834 117 171 158 227
Helmet 0.0460731 195 264 285 316
Person 0.0454552 130 155 512 297
Shoe 0.0452521 428 451 509 502
Vest 0.0450861 360 192 492 295
Shoe 0.0449789 448 357 505 403
Shoe 0.0449097 459 463 509 512
Helmet 0.0447812 67 165 146 214
Goggle 0.0444594 247 241 294 296