Helmet 0.8812668 13 278 115 378
Goggle 0.5957293 106 279 149 375
Person 0.5948964 23 196 512 455
Vest 0.2482897 196 230 488 431
Goggle 0.2200462 8 272 123 381
Helmet 0.1909267 106 279 149 375
Vest 0.1826939 12 270 128 378
Helmet 0.1704047 48 274 136 395
Person 0.1455889 8 272 123 381
Goggle 0.1413818 58 260 138 376
Helmet 0.1390456 271 0 302 23
Person 0.1180581 219 178 269 196
Helmet 0.1096767 0 257 150 398
Helmet 0.1014253 23 314 130 388
Goggle 0.1001820 96 309 139 385
Person 0.0886046 187 231 503 428
Goggle 0.0842966 72 285 155 399
Person 0.0815922 6 235 141 422
Person 0.0775143 0 105 512 474
Goggle 0.0765739 92 279 134 369
Person 0.0753444 259 3 394 65
Vest 0.0719402 270 0 305 20
Person 0.0715924 127 112 480 512
Person 0.0692053 270 0 303 21
Helmet 0.0655746 70 310 139 372
Goggle 0.0640659 120 291 164 379
Person 0.0595845 220 173 267 189
Person 0.0560652 232 132 289 150
Goggle 0.0558944 156 301 175 345
Goggle 0.0523289 66 284 136 348
Vest 0.0510085 42 196 512 451
Helmet 0.0496425 81 198 508 443
Helmet 0.0494733 266 4 305 31
Shoe 0.0492859 13 181 512 452
Goggle 0.0488008 110 288 136 344
Helmet 0.0476163 14 285 95 347
Goggle 0.0471255 87 263 159 367
Person 0.0470411 208 66 238 82
Person 0.0465910 260 416 389 454
Helmet 0.0457778 81 357 137 382
Helmet 0.0453714 91 323 152 377
Person 0.0447963 204 174 278 199
Helmet 0.0434597 267 0 298 14
Vest 0.0434536 219 178 269 196
Helmet 0.0429558 0 452 22 494
Helmet 0.0427324 88 280 134 386
Helmet 0.0418251 275 4 295 21
Goggle 0.0416376 30 243 149 409
Helmet 0.0415381 76 265 157 372
Goggle 0.0413964 70 333 143 380
Person 0.0404278 82 418 135 434
Person 0.0402727 215 186 263 201
Goggle 0.0400040 271 0 302 23
Person 0.0391903 223 176 252 187
Shoe 0.0389004 320 124 347 149
Helmet 0.0388629 0 269 74 389
Goggle 0.0388287 117 282 150 346
Person 0.0387247 264 9 340 46
Person 0.0385115 228 168 255 178
Goggle 0.0384955 29 305 117 374
Person 0.0371042 48 45 395 506
Helmet 0.0368515 278 0 313 18
Person 0.0367922 257 18 302 39
Person 0.0367783 226 126 306 152
Person 0.0367749 215 184 241 194
Person 0.0366985 0 0 512 512
Person 0.0358600 260 0 314 36
Person 0.0352866 91 38 512 395
Goggle 0.0352312 100 328 143 406
Helmet 0.0351206 161 202 182 222
Person 0.0351186 0 136 484 373
Person 0.0347163 251 131 512 501
Helmet 0.0344758 27 304 127 469
Goggle 0.0342346 17 170 512 461
Helmet 0.0341675 66 284 136 348
Vest 0.0341073 180 297 433 422
Person 0.0338278 130 284 512 479
Shoe 0.0336627 187 231 503 428
Shoe 0.0333348 103 284 150 371
Person 0.0328319 277 6 452 81
Helmet 0.0326077 90 259 176 411
Goggle 0.0323652 104 299 132 365
Person 0.0322768 229 139 282 153
Person 0.0321974 228 90 276 111
Person 0.0320744 217 182 247 198
Helmet 0.0320403 0 239 136 343
Person 0.0317753 230 170 248 177
Helmet 0.0316411 263 5 290 19
Person 0.0315880 84 413 142 430
Goggle 0.0314487 49 276 109 384
Person 0.0313323 268 4 301 31
Shoe 0.0312805 489 249 510 289
Person 0.0308404 231 162 253 170
Person 0.0306105 215 208 245 220
Goggle 0.0301927 150 293 180 360
Person 0.0301442 275 4 295 21
Person 0.0299937 0 243 228 385
Person 0.0296023 381 212 512 287
Vest 0.0294981 52 273 149 423
Goggle 0.0294667 114 255 171 363