Vest 0.8367987 268 317 499 471
Helmet 0.7203915 101 352 181 428
Helmet 0.6941240 166 81 212 118
Helmet 0.5804669 131 161 169 193
Person 0.5614617 103 267 512 491
Vest 0.5429168 210 149 344 215
Helmet 0.4353536 176 241 213 268
Vest 0.3303626 239 233 395 290
Vest 0.3077120 249 79 397 140
Goggle 0.3006709 178 357 213 422
Person 0.2306531 177 67 489 153
Vest 0.2284340 118 285 512 481
Helmet 0.2155310 139 169 192 197
Person 0.1793965 157 123 499 228
Person 0.1715210 165 189 511 290
Person 0.1677918 169 92 509 188
Vest 0.1488877 166 82 212 119
Helmet 0.1313030 155 178 202 200
Vest 0.1227786 433 309 508 471
Vest 0.1210675 181 139 456 219
Vest 0.1137593 316 234 388 272
Person 0.1118823 190 144 397 214
Person 0.1089599 86 125 512 319
Goggle 0.1028876 99 348 182 429
Vest 0.1017896 344 279 512 509
Helmet 0.0979447 76 312 137 347
Person 0.0953963 259 307 492 464
Shoe 0.0931017 487 204 512 236
Helmet 0.0904869 147 167 173 197
Person 0.0870191 180 225 471 303
Helmet 0.0864594 110 342 212 443
Vest 0.0862785 211 214 427 275
Goggle 0.0862129 176 241 213 268
Helmet 0.0861169 125 155 168 180
Person 0.0855771 119 56 486 264
Person 0.0853789 120 165 476 512
Vest 0.0824518 240 242 321 278
Helmet 0.0824070 268 317 499 471
Helmet 0.0812886 167 94 215 127
Vest 0.0806339 194 111 431 179
Shoe 0.0800927 165 63 494 164
Vest 0.0798074 186 163 397 234
Person 0.0779630 179 161 476 246
Goggle 0.0778448 167 80 212 117
Vest 0.0776505 180 225 471 303
Vest 0.0759238 460 349 508 478
Goggle 0.0711441 131 348 204 433
Goggle 0.0691923 164 353 200 431
Helmet 0.0689683 137 362 205 419
Vest 0.0676368 189 68 489 152
Helmet 0.0669383 144 173 215 203
Goggle 0.0668010 130 161 168 192
Helmet 0.0656070 172 236 234 268
Vest 0.0635557 101 352 181 428
Shoe 0.0612426 442 63 511 107
Person 0.0611341 100 30 494 446
Helmet 0.0599606 143 182 189 203
Helmet 0.0595036 96 341 175 400
Person 0.0594607 211 214 427 275
Person 0.0581078 236 234 392 289
Vest 0.0578181 254 146 343 181
Shoe 0.0577699 470 199 512 244
Helmet 0.0577626 101 267 497 487
Helmet 0.0564694 158 72 225 125
Goggle 0.0557936 175 342 224 436
Vest 0.0552527 268 104 336 140
Vest 0.0548963 206 131 365 195
Vest 0.0545428 176 241 213 269
Shoe 0.0544176 177 189 493 292
Goggle 0.0538129 189 357 214 405
Person 0.0516607 62 318 340 471
Helmet 0.0514223 129 169 159 190
Helmet 0.0511446 67 331 188 420
Shoe 0.0509819 489 213 510 253
Person 0.0502840 194 111 431 179
Vest 0.0501071 168 96 512 188
Person 0.0500536 232 78 395 141
Vest 0.0500440 267 329 399 449
Helmet 0.0497464 160 176 183 203
Vest 0.0493660 228 97 385 158
Vest 0.0493385 147 186 512 286
Shoe 0.0490573 406 207 508 252
Helmet 0.0490192 145 163 186 185
Shoe 0.0489680 144 118 490 230
Vest 0.0488778 143 202 512 430
Shoe 0.0488362 489 186 512 226
Person 0.0484344 160 78 226 121
Vest 0.0483497 204 260 448 445
Vest 0.0467858 233 230 352 273
Vest 0.0467335 305 243 390 285
Goggle 0.0467039 227 366 259 412
Vest 0.0466841 201 157 301 207
Person 0.0459865 40 1 512 217
Goggle 0.0457803 176 371 201 426
Helmet 0.0457081 154 163 186 202
Shoe 0.0453143 470 149 512 195
Goggle 0.0449018 218 367 239 409
Person 0.0442082 106 353 497 512
Helmet 0.0441518 178 357 213 422
Vest 0.0441142 458 408 509 469