Helmet 0.7381615 0 56 48 162
Helmet 0.7345055 54 175 130 245
Vest 0.6827335 177 157 490 291
Person 0.5261743 14 334 512 509
Person 0.4496286 14 39 512 273
Vest 0.4336053 103 14 494 175
Shoe 0.3094265 476 439 511 507
Vest 0.2964287 76 49 492 267
Person 0.2929846 74 113 500 315
Vest 0.2905988 463 11 508 118
Person 0.2559808 95 305 490 423
Goggle 0.2041048 0 56 48 162
Person 0.1958461 12 166 512 372
Vest 0.1931647 46 116 512 322
Person 0.1690518 84 3 481 174
Person 0.1519761 46 254 495 470
Vest 0.1501480 204 55 474 220
Helmet 0.1429171 0 44 33 122
Helmet 0.1407879 0 102 39 173
Shoe 0.1284574 454 313 509 367
Shoe 0.1177406 484 461 512 509
Person 0.1098651 181 285 501 383
Person 0.1039958 174 160 487 291
Goggle 0.1022497 54 173 134 244
Vest 0.0976066 97 30 322 168
Vest 0.0966585 238 146 455 369
Person 0.0949150 438 305 508 376
Person 0.0923009 464 14 508 125
Vest 0.0904112 265 108 503 277
Shoe 0.0897571 486 421 512 494
Helmet 0.0871439 65 6 490 221
Helmet 0.0858968 0 45 91 172
Vest 0.0838496 12 335 512 499
Helmet 0.0831747 464 14 508 125
Person 0.0809070 166 389 512 512
Person 0.0807473 21 69 512 484
Person 0.0803545 0 56 48 162
Person 0.0756433 117 0 489 382
Vest 0.0745008 113 292 491 403
Helmet 0.0731128 8 43 59 139
Shoe 0.0721399 458 460 512 512
Vest 0.0702997 52 179 130 247
Person 0.0668581 463 437 511 508
Vest 0.0636497 133 244 498 375
Shoe 0.0635518 463 417 511 512
Vest 0.0628145 202 122 433 252
Vest 0.0614903 272 183 477 272
Person 0.0613895 434 355 510 509
Helmet 0.0609054 0 0 98 45
Person 0.0605579 215 317 491 490
Person 0.0593204 1 38 82 185
Vest 0.0590581 0 56 48 162
Person 0.0571623 390 295 512 369
Vest 0.0569137 196 163 378 271
Helmet 0.0567164 46 116 512 322
Vest 0.0566750 246 2 512 363
Vest 0.0563158 468 0 511 70
Person 0.0560848 400 459 512 511
Shoe 0.0556872 95 305 490 423
Helmet 0.0550222 0 27 49 112
Shoe 0.0547845 482 318 510 374
Helmet 0.0544810 14 334 512 509
Shoe 0.0532663 492 356 509 392
Person 0.0531108 13 143 359 287
Goggle 0.0522705 1 38 82 185
Vest 0.0519370 411 8 507 112
Vest 0.0516943 111 31 205 170
Helmet 0.0516434 62 195 150 253
Helmet 0.0513249 91 177 137 246
Shoe 0.0502769 440 438 507 509
Goggle 0.0500589 100 178 143 248
Shoe 0.0494319 70 360 512 506
Helmet 0.0492182 0 88 57 186
Person 0.0474850 0 0 456 220
Vest 0.0473309 256 0 493 158
Vest 0.0472597 121 0 476 381
Vest 0.0469251 53 0 378 139
Vest 0.0469174 298 23 509 249
Person 0.0461897 0 0 115 234
Shoe 0.0459067 409 466 511 510
Person 0.0454483 323 386 496 512
Shoe 0.0448501 464 328 511 417
Shoe 0.0447867 464 15 510 120
Helmet 0.0444218 61 163 156 232
Vest 0.0443413 94 70 420 191
Person 0.0442814 0 4 209 204
Vest 0.0440580 144 194 450 319
Helmet 0.0435837 0 47 40 94
Person 0.0428893 435 307 509 442
Goggle 0.0428598 90 7 481 180
Helmet 0.0425746 0 128 37 190
Vest 0.0423828 298 145 512 333
Vest 0.0419526 270 136 465 198
Helmet 0.0418002 59 167 140 285
Goggle 0.0415896 60 168 170 261
Helmet 0.0415796 23 181 126 266
Vest 0.0414735 441 23 512 135
Person 0.0410710 0 9 359 181
Shoe 0.0409962 467 379 510 480
Vest 0.0408929 1 38 82 185