Vest 0.6884263 197 204 511 389
Helmet 0.6683573 2 248 98 342
Goggle 0.5519268 89 244 131 340
Person 0.4214118 74 159 512 430
Vest 0.2475287 431 288 509 415
Vest 0.2313968 79 165 506 435
Vest 0.1908763 358 162 512 428
Goggle 0.1747726 32 242 122 351
Helmet 0.1704862 0 240 149 356
Vest 0.1703273 241 193 496 321
Vest 0.1570452 306 237 503 414
Helmet 0.1380177 89 244 131 340
Person 0.1020391 0 81 512 471
Goggle 0.0959248 2 248 98 342
Goggle 0.0919188 94 254 120 312
Helmet 0.0904877 42 248 130 339
Goggle 0.0901055 73 246 118 349
Goggle 0.0864056 91 274 141 358
Helmet 0.0834815 160 176 496 411
Goggle 0.0782074 64 251 149 339
Vest 0.0738348 258 95 502 444
Vest 0.0725350 3 245 130 347
Person 0.0691794 0 240 149 356
Helmet 0.0653850 431 288 509 415
Vest 0.0600942 413 234 509 393
Goggle 0.0565950 53 252 120 318
Goggle 0.0562193 181 176 496 412
Vest 0.0544872 410 341 512 417
Goggle 0.0522463 59 278 125 338
Goggle 0.0485634 6 228 162 370
Person 0.0484728 2 249 95 341
Vest 0.0479644 206 222 298 371
Person 0.0473064 213 197 502 377
Vest 0.0451303 220 311 512 449
Vest 0.0449786 439 370 512 414
Helmet 0.0447514 0 213 118 425
Goggle 0.0446975 89 247 112 304
Goggle 0.0420531 101 253 126 302
Helmet 0.0415378 1 243 80 302
Goggle 0.0411744 96 270 121 336
Person 0.0402805 16 224 512 503
Helmet 0.0400687 59 278 125 338
Goggle 0.0395049 85 250 139 303
Vest 0.0385654 184 222 380 375
Helmet 0.0370560 73 246 118 349
Vest 0.0363059 445 204 512 368
Vest 0.0361892 216 167 490 275
Goggle 0.0352990 58 243 155 403
Vest 0.0350152 431 222 512 455
Helmet 0.0348644 14 271 179 377
Helmet 0.0345951 58 243 155 403
Helmet 0.0339135 12 285 121 354
Vest 0.0337329 422 163 494 198
Shoe 0.0336255 53 151 512 428
Vest 0.0334516 355 313 511 400
Helmet 0.0334117 0 211 113 315
Vest 0.0320859 364 0 405 19
Vest 0.0319344 260 212 469 289
Person 0.0318370 227 65 507 511
Vest 0.0315346 217 229 512 512
Vest 0.0310765 156 267 471 418
Helmet 0.0305644 0 240 226 392
Person 0.0301211 15 181 344 399
Goggle 0.0299816 86 260 126 292
Goggle 0.0297085 96 226 157 332
Goggle 0.0296370 109 284 155 364
Shoe 0.0295417 90 261 122 319
Vest 0.0295347 194 11 512 405
Vest 0.0294245 381 256 512 511
Goggle 0.0291078 82 242 121 290
Person 0.0288424 51 52 397 487
Vest 0.0286334 402 121 512 399
Person 0.0284276 0 0 512 489
Vest 0.0278637 386 164 512 234
Vest 0.0277597 0 81 512 471
Goggle 0.0277287 87 270 125 306
Goggle 0.0277260 92 265 142 320
Shoe 0.0272544 89 251 133 341
Goggle 0.0272200 82 251 105 309
Vest 0.0270484 272 137 512 342
Person 0.0269375 431 288 509 415
Goggle 0.0266919 152 261 177 320
Helmet 0.0266445 364 0 405 19
Person 0.0263891 224 165 509 305
Person 0.0262369 205 311 512 449
Helmet 0.0260602 0 81 512 471
Goggle 0.0260317 83 216 129 308
Person 0.0259556 364 0 405 19
Goggle 0.0259142 160 266 181 315
Person 0.0258278 0 178 512 512
Goggle 0.0258231 71 285 160 353
Person 0.0257440 368 187 512 448
Shoe 0.0256840 213 197 502 377
Goggle 0.0254951 33 102 512 479
Vest 0.0253208 441 336 512 456
Person 0.0253099 0 213 118 425
Person 0.0252916 364 440 508 510
Goggle 0.0250838 0 269 117 366
Vest 0.0250035 388 212 505 323
Goggle 0.0249922 84 281 118 345