Helmet 0.8003231 36 400 118 487
Helmet 0.7588370 7 22 86 106
Vest 0.7533632 223 165 492 373
Helmet 0.7319804 1 214 91 309
Helmet 0.7038854 15 308 70 367
Vest 0.6681138 163 9 479 151
Vest 0.5813727 196 359 505 512
Person 0.5280474 54 132 512 401
Helmet 0.3928469 283 0 338 26
Person 0.3837944 79 341 512 511
Helmet 0.3789285 62 137 147 206
Vest 0.3729313 152 218 499 428
Person 0.3405831 61 118 280 215
Person 0.3387738 30 0 512 160
Vest 0.2897914 93 138 512 394
Helmet 0.2334073 61 130 211 210
Person 0.2314546 21 228 512 458
Person 0.2298490 0 67 512 306
Vest 0.2052415 411 475 508 512
Vest 0.1982187 261 0 478 119
Person 0.1981340 11 280 311 401
Vest 0.1814568 318 1 493 73
Vest 0.1786303 198 77 512 297
Vest 0.1676041 132 306 256 384
Person 0.1638554 19 28 249 183
Vest 0.1477624 397 352 505 404
Vest 0.1431047 16 308 68 366
Helmet 0.1424583 4 305 99 376
Person 0.1339483 0 236 280 371
Person 0.1335345 42 79 440 202
Vest 0.1286968 205 98 498 493
Vest 0.1273036 66 120 267 211
Vest 0.1260107 301 59 482 142
Vest 0.1254095 197 301 495 445
Helmet 0.1218908 7 268 82 363
Person 0.1191200 31 395 119 499
Person 0.1158218 18 129 251 283
Person 0.1149995 0 134 331 346
Helmet 0.1126771 12 19 132 126
Helmet 0.1062203 7 241 105 342
Helmet 0.1057284 0 201 148 327
Vest 0.1053680 31 395 119 499
Vest 0.1013456 218 459 387 509
Vest 0.1001024 142 339 259 401
Person 0.0993761 0 190 186 343
Goggle 0.0993062 37 401 119 489
Vest 0.0982170 7 216 98 319
Person 0.0964275 190 18 484 186
Vest 0.0956478 102 264 512 512
Vest 0.0950013 146 69 488 201
Goggle 0.0949738 7 22 86 106
Person 0.0936468 220 146 500 362
Vest 0.0913880 206 402 424 509
Person 0.0912586 6 319 243 485
Vest 0.0912102 123 144 470 303
Helmet 0.0889169 166 146 502 377
Vest 0.0884538 37 294 287 393
Person 0.0880155 1 289 187 381
Person 0.0868937 10 328 154 512
Vest 0.0867919 82 339 451 489
Person 0.0867283 16 308 68 366
Person 0.0866712 3 7 160 142
Helmet 0.0856734 20 376 141 503
Person 0.0845917 0 0 284 138
Person 0.0832655 371 472 511 511
Person 0.0832520 9 305 120 374
Person 0.0827495 13 271 408 512
Person 0.0826355 6 213 104 316
Person 0.0819125 9 25 403 456
Vest 0.0801902 330 472 512 512
Person 0.0796734 52 114 466 252
Vest 0.0796613 154 371 219 405
Person 0.0795949 172 164 497 512
Person 0.0792013 9 244 94 351
Vest 0.0773935 10 21 96 131
Person 0.0755832 58 128 189 210
Person 0.0752101 7 212 178 437
Person 0.0732793 17 379 199 503
Vest 0.0716397 52 114 466 252
Person 0.0700220 10 21 96 131
Vest 0.0697046 258 37 457 211
Goggle 0.0695654 7 216 98 319
Vest 0.0695325 126 39 372 170
Person 0.0694672 209 365 472 507
Vest 0.0673699 299 316 492 512
Vest 0.0672875 282 0 351 27
Person 0.0668892 9 278 96 400
Vest 0.0667457 390 472 486 506
Person 0.0655755 142 126 304 203
Vest 0.0653951 64 99 390 196
Vest 0.0647005 467 339 511 407
Person 0.0646007 55 301 259 384
Goggle 0.0640829 66 136 134 207
Vest 0.0640385 173 0 512 245
Vest 0.0629220 302 184 498 453
Helmet 0.0627696 0 242 76 302
Person 0.0624412 11 377 328 512
Vest 0.0621259 372 482 477 512
Vest 0.0621082 292 0 471 189
Helmet 0.0621004 0 250 164 351