Helmet 0.8341343 16 266 138 357
Person 0.7323779 30 210 506 470
Vest 0.4779531 160 265 472 419
Vest 0.2472405 54 211 499 451
Goggle 0.1382166 20 266 137 360
Helmet 0.1366154 294 209 328 261
Helmet 0.1306729 0 244 188 373
Goggle 0.1218966 294 209 328 261
Vest 0.1187772 20 266 137 360
Helmet 0.0968319 40 205 512 467
Person 0.0840125 0 143 512 494
Person 0.0785011 20 260 137 361
Helmet 0.0744826 65 282 146 346
Vest 0.0675017 188 287 393 398
Goggle 0.0637933 71 261 145 366
Helmet 0.0595675 8 236 146 455
Shoe 0.0587920 17 202 511 470
Goggle 0.0586285 128 273 150 326
Vest 0.0540976 174 318 441 446
Goggle 0.0503108 122 267 155 341
Person 0.0502234 5 234 147 401
Helmet 0.0501547 36 258 130 316
Vest 0.0494023 211 225 423 460
Helmet 0.0493558 33 300 149 367
Helmet 0.0493528 288 211 360 258
Helmet 0.0467872 299 232 329 262
Person 0.0462085 0 51 42 112
Helmet 0.0435066 3 295 148 402
Goggle 0.0429508 73 229 485 448
Person 0.0417360 132 138 469 512
Person 0.0414946 0 148 497 380
Helmet 0.0410562 10 237 151 321
Goggle 0.0406373 102 248 156 361
Vest 0.0402251 288 235 507 494
Goggle 0.0395909 62 297 148 355
Vest 0.0394242 116 233 375 435
Person 0.0393559 1 228 262 372
Person 0.0375822 156 258 477 421
Helmet 0.0349641 12 277 100 429
Helmet 0.0349345 15 280 108 339
Helmet 0.0349343 84 319 148 357
Helmet 0.0339599 98 329 143 352
Helmet 0.0339590 0 256 98 366
Person 0.0328906 295 210 330 263
Vest 0.0317731 160 299 512 491
Shoe 0.0315998 156 258 477 421
Person 0.0302554 0 21 58 117
Helmet 0.0299770 0 32 52 113
Helmet 0.0297362 73 233 148 360
Vest 0.0297280 132 138 469 512
Helmet 0.0296672 0 212 280 357
Goggle 0.0294602 117 258 145 321
Person 0.0292450 5 2 166 79
Person 0.0288506 392 438 512 510
Helmet 0.0286822 87 249 176 382
Helmet 0.0284859 43 222 128 352
Helmet 0.0283562 70 257 150 313
Person 0.0280788 363 99 405 113
Goggle 0.0273207 0 244 188 373
Goggle 0.0273022 302 230 327 265
Vest 0.0272935 144 260 333 396
Vest 0.0271101 172 289 271 421
Goggle 0.0271058 2 47 52 119
Helmet 0.0267434 1 4 80 121
Person 0.0266694 121 170 512 437
Goggle 0.0266071 95 322 143 357
Goggle 0.0265921 93 284 154 340
Goggle 0.0262624 302 204 346 270
Person 0.0259826 182 0 235 11
Helmet 0.0259217 109 272 151 354
Helmet 0.0257349 54 226 194 337
Goggle 0.0255192 288 211 360 258
Vest 0.0254824 158 0 233 20
Person 0.0253212 153 0 239 23
Vest 0.0251339 18 244 209 365
Person 0.0251206 74 252 512 512
Helmet 0.0250924 92 270 155 327
Helmet 0.0250267 0 5 176 97
Vest 0.0249769 223 254 512 442
Vest 0.0248580 0 5 176 97
Person 0.0247773 0 0 262 113
Person 0.0247378 0 0 512 512
Vest 0.0245234 5 219 163 420
Helmet 0.0243261 0 53 25 102
Vest 0.0238872 214 276 345 365
Helmet 0.0238775 273 221 336 267
Person 0.0238604 0 294 415 486
Helmet 0.0238557 0 269 201 428
Goggle 0.0238315 135 272 155 319
Shoe 0.0237225 17 266 139 356
Helmet 0.0235635 19 172 141 376
Person 0.0232908 48 233 416 388
Helmet 0.0232835 277 200 346 244
Person 0.0232452 435 459 510 509
Goggle 0.0232063 99 294 143 363
Helmet 0.0230159 163 1 229 18
Vest 0.0229874 182 0 235 11
Person 0.0227100 200 0 252 11
Person 0.0227011 0 203 412 512
Goggle 0.0226239 0 248 110 444