Goggle 0.7802829 86 288 161 397
Vest 0.6119269 209 210 498 484
Helmet 0.5975003 0 288 116 422
Person 0.3961356 82 173 512 504
Goggle 0.3238808 56 272 153 422
Helmet 0.3156658 52 284 155 421
Goggle 0.2236988 6 283 137 435
Person 0.1331919 232 215 490 484
Vest 0.1069295 252 22 501 132
Helmet 0.1042954 87 293 158 396
Person 0.1034239 0 279 150 437
Vest 0.1018442 0 285 117 422
Helmet 0.1006278 69 1 189 36
Vest 0.0906633 333 232 512 490
Vest 0.0892447 245 60 512 512
Person 0.0867111 1 101 432 512
Helmet 0.0823746 8 248 152 439
Helmet 0.0789002 242 218 508 485
Helmet 0.0782077 82 173 512 504
Goggle 0.0743903 112 304 168 402
Goggle 0.0720972 83 233 182 425
Goggle 0.0688928 75 298 154 362
Vest 0.0657285 57 156 512 512
Goggle 0.0651206 93 297 178 461
Person 0.0606940 223 15 504 142
Goggle 0.0603450 21 257 177 475
Helmet 0.0595002 0 255 104 477
Shoe 0.0581052 89 291 160 399
Goggle 0.0572882 232 215 495 489
Shoe 0.0544639 18 112 512 512
Helmet 0.0542514 26 323 175 441
Vest 0.0531277 258 264 512 512
Helmet 0.0519556 76 267 186 388
Person 0.0494928 87 279 167 412
Person 0.0480242 245 60 512 512
Vest 0.0465114 243 385 512 507
Person 0.0464956 0 40 512 512
Goggle 0.0455717 19 150 512 509
Vest 0.0440006 356 441 511 509
Goggle 0.0437818 0 291 110 400
Vest 0.0434904 315 41 498 176
Person 0.0420377 363 108 508 190
Person 0.0416940 230 68 512 204
Goggle 0.0415157 118 263 201 420
Helmet 0.0414007 0 344 102 436
Vest 0.0412900 232 7 466 94
Person 0.0405140 0 193 312 494
Helmet 0.0404224 93 297 178 461
Helmet 0.0396592 3 282 70 408
Helmet 0.0396158 217 6 262 31
Goggle 0.0392887 109 332 160 425
Vest 0.0384612 69 1 189 36
Person 0.0379233 37 277 512 512
Vest 0.0378823 340 4 492 113
Helmet 0.0369712 78 9 184 54
Helmet 0.0368965 0 307 69 459
Person 0.0363825 37 293 144 402
Goggle 0.0359150 88 310 135 403
Person 0.0357005 4 220 188 471
Goggle 0.0352267 47 258 197 388
Vest 0.0350380 291 318 495 501
Vest 0.0343257 230 68 512 204
Vest 0.0341270 291 0 486 213
Vest 0.0340647 43 284 155 409
Goggle 0.0337936 69 338 153 399
Helmet 0.0333660 1 329 96 499
Helmet 0.0333533 31 280 215 487
Goggle 0.0332091 81 332 188 419
Vest 0.0328497 256 282 466 512
Goggle 0.0326329 0 266 89 461
Goggle 0.0323627 0 326 155 504
Shoe 0.0322002 38 283 144 416
Vest 0.0320126 125 10 512 409
Goggle 0.0316326 69 1 189 36
Helmet 0.0315533 0 253 280 446
Person 0.0313218 0 291 110 400
Vest 0.0312489 307 424 512 491
Person 0.0312325 331 440 509 509
Helmet 0.0308365 114 0 178 34
Vest 0.0306742 289 200 512 415
Vest 0.0303383 424 463 510 511
Vest 0.0301568 320 186 512 512
Person 0.0294430 63 1 187 36
Person 0.0293916 0 120 475 380
Goggle 0.0293546 0 193 312 494
Person 0.0291713 125 10 512 409
Person 0.0291471 218 129 501 404
Vest 0.0291357 179 133 508 363
Vest 0.0288473 177 4 259 34
Shoe 0.0285383 247 212 506 480
Person 0.0284877 391 460 510 512
Vest 0.0278156 353 85 495 195
Helmet 0.0276943 0 264 104 361
Vest 0.0275993 137 324 512 512
Vest 0.0275936 251 224 493 357
Person 0.0275720 315 41 498 176
Vest 0.0274069 298 262 482 431
Person 0.0273390 0 242 107 469
Goggle 0.0272071 29 277 267 433
Vest 0.0267152 264 223 430 461