Vest 0.6637111 37 133 488 383
Person 0.3113820 47 133 471 380
Helmet 0.2004102 30 137 478 384
Vest 0.1477477 0 0 512 481
Vest 0.0826081 18 147 272 368
Goggle 0.0783064 38 138 476 374
Vest 0.0680612 0 0 485 209
Person 0.0643792 0 19 512 490
Vest 0.0567378 155 138 436 328
Vest 0.0520462 0 314 500 512
Person 0.0502570 0 314 500 512
Vest 0.0493771 0 0 512 497
Helmet 0.0461568 0 1 270 115
Vest 0.0440162 66 235 512 427
Helmet 0.0434916 2 396 83 512
Vest 0.0421524 200 164 468 420
Helmet 0.0418397 125 0 480 459
Vest 0.0403438 0 86 424 296
Vest 0.0396685 50 0 433 365
Helmet 0.0392317 0 0 512 265
Vest 0.0373540 0 1 343 146
Shoe 0.0372864 30 136 484 384
Person 0.0351490 0 0 496 254
Vest 0.0349756 0 221 512 512
Helmet 0.0341367 0 428 133 510
Vest 0.0338817 24 244 382 385
Helmet 0.0337926 2 1 87 126
Vest 0.0324030 0 30 512 512
Helmet 0.0321838 0 2 90 50
Person 0.0299617 3 1 375 146
Helmet 0.0292302 0 405 220 512
Helmet 0.0291086 0 314 500 512
Helmet 0.0288629 0 20 512 411
Helmet 0.0286695 0 459 91 511
Helmet 0.0285500 0 229 434 429
Helmet 0.0280474 11 15 164 131
Vest 0.0275804 106 64 345 372
Vest 0.0269765 152 30 512 365
Person 0.0268148 0 30 512 512
Helmet 0.0265088 0 0 481 145
Vest 0.0262009 0 0 442 142
Goggle 0.0260092 0 67 512 461
Person 0.0259245 32 390 451 512
Vest 0.0257674 77 129 447 512
Helmet 0.0252978 0 6 121 79
Vest 0.0247096 45 116 326 485
Helmet 0.0246555 0 433 63 509
Helmet 0.0239438 0 86 424 296
Goggle 0.0237484 2 382 79 512
Goggle 0.0236598 66 235 512 427
Vest 0.0236582 9 3 223 102
Goggle 0.0231532 0 1 270 115
Helmet 0.0229008 0 12 69 69
Goggle 0.0224020 0 436 100 510
Helmet 0.0223946 7 0 192 195
Person 0.0221175 434 464 512 507
Vest 0.0221047 161 202 375 382
Vest 0.0219373 0 0 456 512
Vest 0.0218341 249 25 512 512
Person 0.0216842 86 0 465 403
Helmet 0.0215207 6 381 150 500
Vest 0.0215176 270 88 451 373
Shoe 0.0214343 0 20 512 411
Helmet 0.0211687 2 335 176 512
Person 0.0209978 56 0 480 119
Person 0.0209328 68 216 512 512
Helmet 0.0204319 50 0 433 365
Helmet 0.0204221 68 216 512 512
Helmet 0.0204218 23 1 143 46
Helmet 0.0201587 0 0 90 31
Shoe 0.0200554 17 364 441 512
Goggle 0.0196926 479 443 511 512
Helmet 0.0195668 167 2 512 150
Vest 0.0192706 0 388 310 512
Goggle 0.0191924 23 375 325 512
Helmet 0.0191464 0 166 294 384
Goggle 0.0190151 82 90 496 297
Helmet 0.0189885 0 0 184 66
Vest 0.0188284 29 140 158 373
Goggle 0.0188193 37 332 498 498
Vest 0.0188155 93 0 484 123
Goggle 0.0187701 0 7 102 80
Shoe 0.0186832 96 235 477 393
Vest 0.0186795 34 222 112 370
Person 0.0185802 0 229 434 429
Goggle 0.0185162 0 405 220 512
Helmet 0.0184488 0 5 51 102
Goggle 0.0184005 1 2 85 136
Helmet 0.0183492 436 448 510 500
Person 0.0183478 471 444 511 512
Person 0.0181787 3 0 512 512
Vest 0.0180486 177 118 499 261
Helmet 0.0179890 239 0 512 428
Helmet 0.0179157 5 428 93 489
Vest 0.0176551 38 57 209 333
Vest 0.0176070 0 0 273 497
Goggle 0.0174498 469 0 512 66
Vest 0.0171648 124 101 377 277
Vest 0.0169861 0 228 263 435
Vest 0.0169853 13 416 218 512