Helmet 0.8644316 48 48 163 158
Helmet 0.8210045 62 393 143 467
Helmet 0.8069698 141 166 185 206
Vest 0.7762447 207 367 387 495
Vest 0.6439620 229 24 494 194
Person 0.5898399 56 283 450 512
Person 0.5686763 68 2 512 296
Vest 0.4450185 206 177 276 231
Vest 0.2708288 93 0 495 268
Person 0.2685684 42 118 493 473
Vest 0.2093716 193 58 431 247
Vest 0.1930324 46 45 167 158
Goggle 0.1809732 46 45 167 158
Goggle 0.1781802 132 387 166 466
Person 0.1709845 171 166 288 239
Goggle 0.1687203 62 393 143 467
Helmet 0.1358909 22 30 198 180
Person 0.1325894 200 338 406 495
Shoe 0.1302754 365 337 417 447
Vest 0.1260191 196 168 314 237
Vest 0.1163467 143 168 184 206
Vest 0.1092574 65 295 444 509
Shoe 0.1090498 395 443 426 477
Person 0.1070821 34 27 175 193
Vest 0.1062512 171 151 398 253
Vest 0.0998201 143 117 457 271
Vest 0.0974924 232 113 370 234
Shoe 0.0948714 444 263 483 304
Goggle 0.0918437 103 389 155 471
Goggle 0.0914727 140 390 165 441
Helmet 0.0884048 59 60 148 126
Helmet 0.0883749 80 52 179 199
Person 0.0841076 122 142 414 268
Vest 0.0838547 426 18 507 161
Shoe 0.0741191 384 366 418 449
Goggle 0.0736176 142 166 184 206
Helmet 0.0728244 34 31 172 116
Helmet 0.0708969 207 367 387 495
Person 0.0702830 229 23 500 179
Helmet 0.0702255 91 378 158 469
Vest 0.0694257 341 7 510 154
Person 0.0678783 96 188 464 512
Person 0.0666088 217 272 365 343
Person 0.0651763 173 244 263 287
Helmet 0.0641608 65 382 186 477
Helmet 0.0639877 145 13 493 265
Helmet 0.0622550 66 89 174 167
Person 0.0601329 40 0 338 366
Shoe 0.0600354 442 266 502 322
Vest 0.0597645 224 288 409 504
Helmet 0.0595458 143 175 177 199
Person 0.0586058 142 167 183 208
Person 0.0578535 104 197 506 406
Person 0.0576433 157 186 284 260
Vest 0.0563766 224 73 471 352
Vest 0.0559788 62 393 143 467
Goggle 0.0559516 76 369 160 483
Person 0.0557413 92 159 301 260
Person 0.0545838 100 370 404 512
Shoe 0.0545572 388 319 422 403
Helmet 0.0545514 144 178 187 217
Person 0.0536096 223 244 449 512
Helmet 0.0535217 75 70 169 141
Person 0.0525439 133 161 246 215
Vest 0.0522840 173 0 512 392
Helmet 0.0518137 56 283 450 512
Person 0.0511274 47 59 242 257
Person 0.0506922 167 73 453 251
Person 0.0502161 35 352 325 501
Shoe 0.0500062 393 411 430 475
Vest 0.0498675 183 177 281 259
Shoe 0.0497890 486 290 510 326
Helmet 0.0496956 150 162 188 193
Helmet 0.0495295 127 162 217 211
Person 0.0494237 147 242 455 377
Shoe 0.0490779 473 261 512 326
Vest 0.0480469 216 265 364 335
Person 0.0478159 191 0 512 455
Helmet 0.0478104 208 176 279 232
Vest 0.0477243 221 31 425 133
Person 0.0477071 62 386 163 478
Person 0.0473709 29 0 476 194
Vest 0.0472222 222 420 403 498
Vest 0.0468220 153 158 285 234
Helmet 0.0464823 157 168 192 215
Person 0.0464352 57 105 334 239
Person 0.0462909 370 258 449 301
Shoe 0.0453736 373 257 451 299
Helmet 0.0452680 125 154 188 192
Helmet 0.0449558 50 49 142 103
Helmet 0.0448196 115 394 170 462
Helmet 0.0447913 139 163 180 187
Person 0.0441774 192 162 343 232
Vest 0.0441613 222 379 426 512
Helmet 0.0441111 28 407 145 486
Person 0.0440514 365 337 417 447
Vest 0.0437283 208 351 312 484
Person 0.0432996 145 233 280 295
Helmet 0.0432292 61 386 136 434
Shoe 0.0431188 429 320 512 369