Vest 0.8299372 379 243 502 441
Goggle 0.6812387 259 293 312 393
Helmet 0.6558568 165 281 294 399
Person 0.4859505 176 183 512 487
Person 0.3064838 374 242 505 436
Helmet 0.1906163 261 289 311 392
Goggle 0.1860031 165 281 294 399
Helmet 0.1782021 379 243 502 441
Goggle 0.1492278 227 277 305 392
Vest 0.1081785 296 209 504 490
Helmet 0.1057639 161 259 348 428
Vest 0.0987748 397 232 505 355
Goggle 0.0978661 276 303 323 396
Person 0.0959304 305 229 507 512
Helmet 0.0914590 219 284 303 412
Vest 0.0908307 169 280 297 398
Shoe 0.0893738 371 240 512 441
Person 0.0823842 158 258 338 418
Person 0.0702029 338 131 512 512
Goggle 0.0656578 267 263 333 384
Vest 0.0631396 435 238 510 404
Person 0.0603455 52 75 512 512
Vest 0.0581753 382 262 512 493
Helmet 0.0550882 1 1 81 123
Vest 0.0544610 360 296 482 421
Vest 0.0524402 411 152 512 418
Helmet 0.0521553 263 219 508 477
Vest 0.0500560 160 132 512 512
Goggle 0.0500056 194 253 355 414
Helmet 0.0475828 219 256 352 381
Helmet 0.0460270 147 321 275 403
Goggle 0.0458319 264 326 304 405
Goggle 0.0458173 273 273 312 363
Helmet 0.0456797 147 255 279 485
Goggle 0.0455908 238 311 304 377
Person 0.0453032 174 285 276 396
Goggle 0.0452266 143 167 512 477
Vest 0.0448513 412 296 510 450
Helmet 0.0443073 118 154 512 477
Person 0.0441428 429 431 510 479
Vest 0.0437244 358 356 512 436
Helmet 0.0431890 243 273 340 432
Person 0.0427995 144 124 456 389
Person 0.0420809 210 257 489 441
Vest 0.0397307 360 320 510 492
Person 0.0390899 360 320 510 492
Shoe 0.0390067 261 290 316 394
Goggle 0.0389557 226 313 327 407
Helmet 0.0383334 0 1 82 51
Person 0.0382460 383 425 512 490
Goggle 0.0381935 271 335 318 427
Vest 0.0371099 404 212 506 298
Helmet 0.0366860 187 333 299 405
Helmet 0.0366837 178 296 260 386
Vest 0.0355194 442 203 512 346
Goggle 0.0353435 244 265 319 363
Vest 0.0352891 338 131 512 512
Helmet 0.0338819 0 1 70 25
Person 0.0338754 272 142 512 392
Helmet 0.0334010 276 303 323 396
Helmet 0.0333085 260 315 298 404
Person 0.0328360 232 243 512 512
Goggle 0.0326724 260 301 341 424
Vest 0.0325520 381 274 445 413
Person 0.0318854 101 228 502 512
Helmet 0.0314906 251 336 313 393
Vest 0.0309685 336 158 510 392
Shoe 0.0308630 120 154 512 485
Person 0.0306870 194 214 373 470
Person 0.0305654 211 289 313 390
Person 0.0304055 432 135 509 265
Helmet 0.0303561 91 240 324 399
Goggle 0.0297517 250 321 290 408
Helmet 0.0291058 0 5 184 90
Person 0.0289788 404 166 512 401
Person 0.0288920 427 463 512 506
Person 0.0287704 393 226 512 491
Goggle 0.0287074 287 268 334 355
Goggle 0.0284894 153 223 328 389
Vest 0.0283476 418 185 512 275
Person 0.0281776 0 0 82 30
Shoe 0.0277104 451 434 512 481
Helmet 0.0274912 336 185 512 434
Goggle 0.0274266 166 293 263 458
Person 0.0273754 137 332 512 512
Goggle 0.0268422 177 290 335 467
Vest 0.0266581 429 431 510 479
Person 0.0263534 261 291 314 391
Person 0.0262706 11 0 512 512
Vest 0.0261738 394 377 508 462
Helmet 0.0261478 157 289 237 430
Helmet 0.0260871 0 14 59 96
Helmet 0.0258259 143 213 422 386
Goggle 0.0257924 285 273 315 334
Helmet 0.0257242 271 268 321 362
Helmet 0.0256228 16 0 54 26
Helmet 0.0253911 133 269 275 360
Vest 0.0253820 449 198 512 237
Vest 0.0251499 146 0 450 90
Person 0.0250807 453 440 511 496