Vest 0.9055814 265 192 346 277
Helmet 0.7592681 213 257 249 320
Helmet 0.6941455 212 195 242 244
Person 0.6613490 204 191 507 383
Person 0.4037483 234 181 485 301
Person 0.1801780 245 266 500 373
Vest 0.1696101 252 187 430 281
Goggle 0.1406871 212 195 242 244
Vest 0.1359924 239 213 372 315
Person 0.1285282 213 257 249 320
Vest 0.1073465 238 199 472 341
Vest 0.1042883 1 247 210 471
Person 0.0996454 292 189 474 268
Person 0.0891305 200 98 508 485
Person 0.0888264 245 191 371 284
Vest 0.0879054 239 245 382 351
Person 0.0865473 330 313 500 373
Shoe 0.0849996 462 235 486 267
Person 0.0802027 295 279 499 344
Person 0.0798864 212 194 241 244
Goggle 0.0735594 213 257 249 321
Helmet 0.0689354 243 189 393 279
Person 0.0682233 234 196 378 353
Vest 0.0617568 214 254 251 320
Helmet 0.0604246 211 212 253 291
Helmet 0.0595267 213 183 502 383
Helmet 0.0586572 218 253 249 293
Person 0.0581784 355 270 498 322
Shoe 0.0571233 220 180 494 313
Helmet 0.0559805 233 260 261 320
Helmet 0.0556090 213 244 263 344
Person 0.0551602 252 217 358 321
Goggle 0.0543723 227 257 263 322
Vest 0.0541057 269 177 316 251
Shoe 0.0521333 227 225 507 369
Helmet 0.0517200 229 196 250 241
Goggle 0.0508361 204 191 507 383
Vest 0.0505292 261 203 309 281
Vest 0.0503916 240 195 326 300
Shoe 0.0487598 453 203 483 236
Helmet 0.0469873 222 208 246 253
Person 0.0469625 377 436 512 508
Person 0.0468017 207 233 260 346
Vest 0.0462333 254 256 492 362
Helmet 0.0456885 236 175 481 301
Helmet 0.0455959 219 186 254 249
Vest 0.0454597 216 174 371 256
Vest 0.0448450 0 59 238 512
Vest 0.0448121 212 195 242 244
Person 0.0441851 236 228 504 330
Person 0.0436858 393 290 482 324
Vest 0.0421279 211 188 339 357
Shoe 0.0419428 471 232 491 270
Helmet 0.0419381 217 190 246 229
Vest 0.0416939 261 180 326 226
Person 0.0413308 206 169 417 271
Person 0.0413012 366 335 481 377
Helmet 0.0409787 226 249 255 305
Vest 0.0408163 307 189 350 270
Shoe 0.0406736 300 185 481 256
Person 0.0401653 309 421 500 503
Person 0.0395137 429 461 512 508
Helmet 0.0391892 6 228 202 487
Person 0.0390100 291 480 369 511
Shoe 0.0384397 436 197 484 242
Helmet 0.0380639 206 237 242 315
Shoe 0.0379741 459 220 490 274
Vest 0.0374934 279 169 375 284
Shoe 0.0372862 376 193 480 240
Shoe 0.0372761 392 272 501 317
Helmet 0.0370273 220 284 250 320
Helmet 0.0367689 239 213 372 315
Shoe 0.0366408 451 209 486 265
Person 0.0365434 435 2 506 82
Person 0.0364763 257 245 427 357
Vest 0.0359311 289 179 348 231
Vest 0.0356221 208 173 499 298
Person 0.0351907 292 162 512 406
Helmet 0.0348288 214 199 278 334
Person 0.0342664 382 228 458 258
Person 0.0341832 403 261 498 304
Person 0.0337454 431 391 509 512
Shoe 0.0336873 452 237 478 266
Person 0.0335402 356 188 482 244
Person 0.0333814 262 300 507 403
Helmet 0.0332854 238 248 422 355
Person 0.0329345 416 1 506 46
Shoe 0.0326483 395 233 454 254
Shoe 0.0325300 356 206 471 254
Shoe 0.0322651 462 207 485 246
Person 0.0321041 211 84 497 302
Vest 0.0320659 317 178 351 195
Person 0.0319037 217 268 487 507
Helmet 0.0316010 240 197 259 240
Goggle 0.0314814 223 191 252 246
Person 0.0314206 368 307 496 351
Helmet 0.0314067 212 211 233 252
Vest 0.0313767 217 149 385 391
Person 0.0313569 254 143 453 359
Person 0.0312100 222 245 343 352