Helmet 0.8510869 46 242 147 317
Person 0.7587493 41 168 435 385
Person 0.1855499 36 53 267 167
Vest 0.1311984 85 204 403 380
Vest 0.1281497 53 240 145 325
Person 0.1234507 31 166 195 372
Goggle 0.1122805 43 241 147 316
Person 0.1024139 29 138 329 310
Helmet 0.1005516 40 213 171 334
Person 0.1000367 0 51 382 356
Person 0.0982992 33 92 229 183
Person 0.0937558 48 231 147 321
Vest 0.0815796 40 213 171 334
Person 0.0796452 52 205 266 342
Person 0.0782396 119 247 484 388
Person 0.0751311 10 0 290 131
Person 0.0750087 12 239 335 397
Person 0.0738285 14 100 288 250
Shoe 0.0717554 40 164 418 385
Helmet 0.0626138 91 231 161 332
Person 0.0585917 31 64 205 292
Person 0.0571625 47 123 231 218
Person 0.0553575 43 239 164 397
Person 0.0551664 430 106 504 138
Person 0.0533187 50 9 251 95
Helmet 0.0532279 35 266 151 334
Helmet 0.0515145 26 196 278 353
Person 0.0513523 2 452 174 512
Helmet 0.0508647 47 231 137 285
Goggle 0.0502128 118 241 157 315
Helmet 0.0486349 99 248 148 322
Person 0.0478744 59 28 239 138
Person 0.0477519 45 3 241 220
Helmet 0.0473375 41 224 115 308
Person 0.0464491 111 186 376 320
Helmet 0.0462402 55 268 156 392
Person 0.0459272 47 103 175 168
Helmet 0.0454806 41 168 435 385
Person 0.0451975 50 159 217 259
Goggle 0.0449096 77 252 156 310
Shoe 0.0436017 119 247 484 388
Person 0.0431425 0 0 323 250
Vest 0.0407402 47 217 229 372
Vest 0.0390286 55 268 156 392
Helmet 0.0388674 73 210 153 310
Person 0.0387831 14 270 224 388
Person 0.0387041 20 324 209 407
Person 0.0386964 143 466 185 482
Person 0.0385910 55 151 163 301
Shoe 0.0380747 454 285 489 300
Helmet 0.0378428 46 245 97 318
Person 0.0377179 0 139 358 501
Person 0.0376864 0 294 279 424
Helmet 0.0371790 94 280 150 329
Goggle 0.0370419 91 231 161 332
Person 0.0361535 0 422 242 511
Helmet 0.0359694 56 187 192 304
Goggle 0.0356113 129 243 151 297
Person 0.0356078 34 311 200 377
Shoe 0.0355777 61 34 264 130
Person 0.0349504 122 410 189 446
Helmet 0.0347670 59 245 208 349
Person 0.0342370 48 72 216 150
Person 0.0339646 21 227 199 472
Helmet 0.0337203 32 248 101 357
Shoe 0.0334586 362 280 412 305
Vest 0.0332490 169 228 348 365
Person 0.0331609 0 211 51 317
Shoe 0.0330509 460 289 494 307
Person 0.0329012 16 354 215 438
Person 0.0326021 105 108 345 426
Person 0.0322773 44 286 191 359
Vest 0.0315482 81 238 182 361
Person 0.0313235 37 237 104 337
Person 0.0309580 58 115 172 249
Goggle 0.0300624 63 200 172 309
Person 0.0300142 42 5 512 429
Shoe 0.0298636 46 65 255 160
Person 0.0296922 6 210 110 320
Person 0.0296155 50 256 173 341
Goggle 0.0294840 36 172 418 375
Person 0.0292667 210 174 512 413
Person 0.0292472 0 146 130 372
Helmet 0.0291043 10 213 135 297
Vest 0.0290008 37 237 104 337
Person 0.0288879 155 494 194 511
Person 0.0287402 78 193 178 322
Shoe 0.0286439 490 359 510 390
Goggle 0.0286059 60 257 153 346
Person 0.0282392 87 26 227 86
Person 0.0282287 94 63 273 140
Person 0.0281132 100 389 181 421
Person 0.0280032 354 356 454 385
Helmet 0.0279958 71 263 138 320
Shoe 0.0277289 358 357 457 385
Shoe 0.0274101 272 289 490 379
Shoe 0.0273369 427 283 480 301
Person 0.0269583 58 186 183 249
Person 0.0269219 428 0 511 126
Person 0.0268998 0 219 42 287