Vest 0.7601691 144 151 270 301
Person 0.7141091 89 130 453 332
Shoe 0.6062841 414 176 459 217
Shoe 0.5035021 387 216 424 277
Goggle 0.4677702 104 217 138 275
Helmet 0.2827243 101 216 139 274
Person 0.2227170 135 150 293 306
Helmet 0.1504068 148 147 278 303
Vest 0.0955259 132 141 367 328
Goggle 0.0909888 116 228 141 278
Shoe 0.0897453 380 195 432 286
Person 0.0844189 100 214 140 280
Shoe 0.0838747 402 166 462 229
Shoe 0.0806047 78 130 451 333
Goggle 0.0741468 124 221 145 270
Shoe 0.0740005 399 239 423 285
Vest 0.0716346 175 146 283 258
Shoe 0.0698235 140 149 286 293
Helmet 0.0612704 95 183 141 286
Shoe 0.0584950 100 214 140 280
Person 0.0558424 382 216 428 278
Shoe 0.0556305 403 224 426 275
Helmet 0.0540999 89 130 453 332
Goggle 0.0536758 95 183 141 286
Vest 0.0524780 161 204 281 313
Shoe 0.0518091 408 180 445 213
Shoe 0.0515497 385 178 455 221
Shoe 0.0514375 422 165 468 212
Person 0.0507396 231 151 444 309
Person 0.0494912 415 174 461 217
Shoe 0.0470190 433 178 462 222
Shoe 0.0456345 381 175 459 262
Shoe 0.0444732 391 207 437 264
Person 0.0424760 103 17 436 417
Goggle 0.0417485 112 213 144 262
Shoe 0.0415036 114 147 163 199
Shoe 0.0411704 422 179 471 230
Goggle 0.0407487 85 124 450 330
Goggle 0.0402812 143 147 272 305
Shoe 0.0395943 417 170 456 202
Shoe 0.0395750 412 177 434 209
Vest 0.0390912 101 124 285 273
Goggle 0.0386992 416 173 461 215
Person 0.0373623 71 94 271 297
Vest 0.0373614 150 136 259 230
Shoe 0.0372749 386 210 409 259
Helmet 0.0363359 116 228 141 278
Shoe 0.0362054 407 243 428 286
Shoe 0.0356862 394 233 435 291
Goggle 0.0356201 99 220 134 254
Shoe 0.0350862 353 223 421 273
Person 0.0348904 133 105 331 359
Helmet 0.0347428 84 211 144 261
Shoe 0.0346330 324 207 441 286
Goggle 0.0346109 96 210 125 265
Shoe 0.0342521 394 213 425 252
Shoe 0.0339032 376 207 413 277
Goggle 0.0333534 259 4 406 65
Vest 0.0328616 100 214 140 280
Goggle 0.0324436 110 239 145 271
Person 0.0323997 92 142 259 368
Person 0.0322115 324 207 441 286
Person 0.0321846 247 4 404 65
Helmet 0.0319500 99 246 148 280
Person 0.0319384 91 172 146 297
Goggle 0.0318840 110 215 149 295
Helmet 0.0318351 92 222 132 291
Vest 0.0315798 155 188 226 308
Shoe 0.0309896 358 165 473 237
Goggle 0.0307563 384 211 426 278
Shoe 0.0307493 414 183 458 273
Helmet 0.0302892 110 215 149 295
Shoe 0.0302766 384 227 427 313
Helmet 0.0293201 276 0 406 53
Helmet 0.0287570 124 221 145 270
Vest 0.0286270 189 188 325 314
Helmet 0.0283526 97 236 129 277
Vest 0.0276629 178 120 337 275
Vest 0.0275635 158 145 234 267
Shoe 0.0274349 393 250 428 276
Shoe 0.0273916 403 169 445 204
Helmet 0.0273834 110 239 145 271
Shoe 0.0273469 400 183 439 255
Helmet 0.0271276 96 210 125 265
Shoe 0.0271171 382 239 418 284
Person 0.0270657 0 39 512 338
Goggle 0.0267555 80 208 147 269
Person 0.0267093 128 149 258 236
Person 0.0261876 140 159 512 372
Shoe 0.0260387 100 149 151 210
Goggle 0.0257896 0 33 103 373
Shoe 0.0256683 424 142 473 240
Shoe 0.0253449 238 181 448 300
Person 0.0252591 219 106 511 343
Vest 0.0246313 255 0 407 58
Goggle 0.0245315 104 250 144 277
Vest 0.0243033 144 166 207 280
Goggle 0.0241357 121 219 160 273
Shoe 0.0239301 400 182 431 210
Person 0.0238059 385 178 455 221