Vest 0.8184912 379 244 502 440
Goggle 0.6892312 259 292 312 392
Helmet 0.6063775 166 280 294 398
Person 0.4275863 174 183 512 487
Person 0.2913028 373 244 505 435
Goggle 0.1965493 170 278 297 398
Helmet 0.1739869 379 244 502 440
Helmet 0.1670467 261 290 314 391
Goggle 0.1575122 229 276 305 391
Vest 0.1019209 398 232 505 356
Vest 0.1009663 301 211 503 490
Helmet 0.0993727 161 258 350 429
Goggle 0.0941149 277 303 323 396
Shoe 0.0914278 370 242 512 440
Person 0.0900639 308 231 507 512
Person 0.0793816 159 256 339 418
Helmet 0.0779598 220 284 304 412
Vest 0.0739607 170 278 297 398
Person 0.0660584 341 132 512 512
Goggle 0.0630285 270 268 320 363
Vest 0.0613020 434 238 510 403
Goggle 0.0591387 237 262 335 413
Vest 0.0566170 382 262 512 492
Helmet 0.0563057 1 1 79 125
Person 0.0531009 48 71 512 512
Person 0.0521829 200 240 485 421
Vest 0.0516452 394 153 512 423
Vest 0.0514023 360 296 482 420
Helmet 0.0503002 268 222 508 475
Vest 0.0489104 157 126 512 512
Goggle 0.0485003 139 165 512 475
Goggle 0.0479402 159 252 353 414
Helmet 0.0478068 220 256 350 381
Helmet 0.0466271 110 152 512 476
Goggle 0.0460599 240 311 305 376
Vest 0.0442267 413 296 510 448
Person 0.0440939 184 285 293 395
Helmet 0.0430772 244 273 340 433
Person 0.0421123 153 144 512 363
Helmet 0.0418070 147 322 274 403
Shoe 0.0417731 261 290 316 393
Helmet 0.0411364 146 255 279 486
Person 0.0409366 428 433 510 478
Vest 0.0400329 357 356 512 436
Goggle 0.0400213 257 301 326 433
Goggle 0.0379502 267 320 302 401
Helmet 0.0378764 173 302 262 380
Vest 0.0368880 359 320 510 493
Person 0.0363181 359 320 510 493
Goggle 0.0354006 271 335 318 428
Helmet 0.0352963 0 0 81 50
Vest 0.0351859 404 214 506 298
Person 0.0350014 382 435 512 501
Vest 0.0344789 341 132 512 512
Goggle 0.0339132 249 287 315 350
Vest 0.0336442 442 204 512 345
Helmet 0.0334352 188 333 299 404
Goggle 0.0330081 207 315 318 410
Helmet 0.0321353 203 300 362 413
Helmet 0.0319568 0 0 70 25
Vest 0.0314193 381 274 445 412
Helmet 0.0312627 253 299 295 394
Goggle 0.0312460 209 198 375 443
Goggle 0.0311109 252 337 314 393
Person 0.0310924 232 245 512 512
Goggle 0.0310802 254 280 357 369
Shoe 0.0309157 115 150 512 486
Goggle 0.0307535 254 310 292 401
Person 0.0306020 247 176 512 512
Person 0.0299424 99 229 503 512
Goggle 0.0297306 48 71 512 512
Helmet 0.0295501 93 239 323 399
Shoe 0.0294772 453 437 512 481
Helmet 0.0289298 444 432 512 472
Person 0.0289158 195 213 372 469
Helmet 0.0288025 0 5 183 91
Helmet 0.0282586 252 337 314 393
Goggle 0.0282520 277 278 307 349
Person 0.0280729 106 167 405 431
Goggle 0.0279966 270 314 312 376
Person 0.0278336 428 463 512 506
Person 0.0276934 393 226 512 491
Goggle 0.0274249 1 1 79 125
Helmet 0.0267775 154 259 232 403
Goggle 0.0267153 178 291 336 467
Helmet 0.0265912 0 0 52 93
Helmet 0.0263851 339 186 512 432
Goggle 0.0263377 166 294 262 460
Person 0.0263364 0 0 82 30
Person 0.0263343 449 445 512 485
Helmet 0.0261551 168 229 309 357
Goggle 0.0261365 475 447 511 474
Helmet 0.0260725 141 214 419 386
Person 0.0260554 404 165 512 401
Person 0.0260131 136 334 512 512
Helmet 0.0260116 281 282 329 377
Person 0.0259785 432 135 509 263
Vest 0.0256894 433 429 510 464
Shoe 0.0256595 488 444 509 478
Person 0.0255020 261 290 314 391