Person 0.6985036 86 169 497 363
Shoe 0.6780801 447 190 492 258
Shoe 0.5517628 461 292 502 336
Helmet 0.5386752 90 225 132 299
Vest 0.2166759 128 184 399 357
Goggle 0.1802801 114 232 140 294
Goggle 0.1346699 100 228 135 299
Person 0.1145044 445 194 491 256
Vest 0.1084772 166 212 308 328
Shoe 0.0979303 87 164 501 361
Shoe 0.0904939 381 188 411 215
Shoe 0.0904854 405 185 491 273
Person 0.0870988 91 223 130 297
Goggle 0.0855521 445 195 490 256
Shoe 0.0755453 420 202 487 254
Goggle 0.0718797 122 236 150 299
Helmet 0.0701756 98 153 502 369
Helmet 0.0644539 114 230 139 293
Shoe 0.0624132 435 286 509 338
Person 0.0568695 373 191 494 266
Helmet 0.0561099 104 226 145 303
Person 0.0552193 0 48 478 333
Shoe 0.0514910 450 285 497 327
Vest 0.0506359 90 226 131 300
Shoe 0.0485071 459 271 507 355
Shoe 0.0482436 460 193 502 283
Person 0.0472122 69 4 320 165
Goggle 0.0442554 97 166 499 363
Shoe 0.0439918 306 178 332 201
Shoe 0.0439596 447 299 495 350
Goggle 0.0410937 121 254 141 302
Person 0.0405182 115 122 512 445
Shoe 0.0405042 439 191 474 253
Goggle 0.0402272 130 233 157 291
Shoe 0.0401343 461 188 487 240
Shoe 0.0401290 469 305 498 347
Shoe 0.0392463 444 216 492 271
Person 0.0387757 452 292 505 333
Helmet 0.0387099 444 189 491 253
Person 0.0381259 211 179 494 307
Helmet 0.0379711 72 214 140 307
Shoe 0.0374135 382 212 407 256
Shoe 0.0360086 471 288 506 321
Shoe 0.0358524 390 194 474 244
Goggle 0.0358302 89 208 142 314
Shoe 0.0349251 450 178 496 234
Goggle 0.0348969 0 59 53 225
Goggle 0.0343381 0 4 56 172
Shoe 0.0340659 454 162 505 261
Shoe 0.0339966 381 239 410 263
Shoe 0.0330995 453 311 503 342
Person 0.0330265 174 76 467 386
Person 0.0328671 381 187 410 212
Vest 0.0321868 178 241 352 352
Shoe 0.0317576 366 185 482 304
Shoe 0.0315967 385 180 407 210
Shoe 0.0315904 468 283 512 340
Vest 0.0314666 217 184 467 408
Goggle 0.0313179 0 80 39 155
Shoe 0.0311787 467 199 493 253
Goggle 0.0311155 460 291 502 333
Helmet 0.0309669 85 240 127 326
Shoe 0.0309617 404 278 512 345
Shoe 0.0306547 439 187 502 317
Person 0.0304358 85 216 143 318
Shoe 0.0303828 455 212 483 264
Goggle 0.0299661 127 257 148 303
Shoe 0.0295080 466 282 500 310
Vest 0.0293300 144 170 285 361
Person 0.0290681 146 244 512 386
Shoe 0.0288774 469 299 512 332
Vest 0.0287053 81 64 492 373
Shoe 0.0286431 408 294 489 332
Goggle 0.0284876 75 0 279 180
Helmet 0.0283640 89 202 153 326
Goggle 0.0281022 468 0 512 64
Helmet 0.0280828 217 184 467 408
Person 0.0277856 192 169 512 387
Shoe 0.0268909 378 192 412 254
Goggle 0.0267970 0 372 58 512
Person 0.0266331 304 177 333 199
Person 0.0263131 105 0 243 184
Shoe 0.0259034 445 287 479 338
Shoe 0.0258275 378 225 400 261
Helmet 0.0253809 93 258 124 299
Helmet 0.0252581 59 49 440 331
Person 0.0251392 155 167 350 377
Helmet 0.0250933 127 236 146 290
Person 0.0250908 6 0 447 208
Shoe 0.0249615 457 299 487 340
Shoe 0.0247932 386 177 414 221
Shoe 0.0244372 438 188 487 227
Shoe 0.0242317 383 170 506 249
Person 0.0242113 61 127 342 352
Shoe 0.0241996 92 225 133 301
Person 0.0241449 420 286 506 338
Shoe 0.0240628 453 242 497 328
Vest 0.0238310 108 134 326 322
Shoe 0.0237536 429 196 467 268
Shoe 0.0235305 368 182 411 225