Helmet 0.5096080 45 397 135 448
Vest 0.4885368 226 368 504 458
Goggle 0.4336239 131 399 161 443
Goggle 0.2446129 111 399 154 445
Goggle 0.1717446 40 394 133 450
Person 0.1293577 15 306 512 492
Person 0.1226792 235 367 488 462
Vest 0.1176227 341 369 508 446
Helmet 0.1066548 83 398 165 446
Helmet 0.1045120 0 449 46 476
Goggle 0.1016151 454 439 502 468
Shoe 0.1010935 452 439 506 470
Goggle 0.0896987 122 397 179 448
Vest 0.0781467 127 328 512 476
Goggle 0.0683362 458 311 508 336
Goggle 0.0638782 67 394 177 450
Helmet 0.0638195 107 394 144 445
Goggle 0.0606509 129 408 151 448
Vest 0.0594698 45 397 135 448
Goggle 0.0541022 119 410 143 449
Vest 0.0537994 218 365 406 437
Goggle 0.0528926 123 418 158 445
Helmet 0.0526305 122 397 179 448
Vest 0.0521123 421 368 503 446
Helmet 0.0515006 47 390 190 454
Goggle 0.0501679 81 397 138 445
Goggle 0.0492890 140 411 165 449
Goggle 0.0488794 0 449 46 476
Helmet 0.0483016 451 440 497 467
Goggle 0.0481297 133 405 176 434
Goggle 0.0471411 94 390 238 455
Shoe 0.0461014 131 401 162 442
Helmet 0.0453432 457 313 506 336
Goggle 0.0452458 488 443 510 476
Goggle 0.0447046 107 407 140 443
Vest 0.0424683 223 391 407 458
Vest 0.0420790 261 394 511 489
Person 0.0419559 0 449 46 476
Helmet 0.0404864 257 358 496 466
Person 0.0398525 0 167 512 450
Goggle 0.0395796 472 435 507 477
Goggle 0.0393735 116 399 147 431
Vest 0.0391890 263 331 512 437
Vest 0.0382609 0 449 45 476
Goggle 0.0377556 132 395 164 424
Vest 0.0376310 0 254 512 486
Goggle 0.0366136 488 309 509 339
Goggle 0.0364296 113 382 164 459
Goggle 0.0362860 460 451 507 476
Goggle 0.0359135 472 302 507 342
Goggle 0.0354469 455 442 512 481
Person 0.0348498 441 295 511 332
Goggle 0.0342281 447 445 488 469
Person 0.0341024 450 435 512 474
Goggle 0.0340794 130 394 152 434
Helmet 0.0339829 467 305 509 330
Goggle 0.0339720 146 403 172 443
Helmet 0.0336989 129 400 163 443
Shoe 0.0333270 235 367 488 462
Goggle 0.0324633 137 380 196 461
Helmet 0.0322617 26 373 126 458
Goggle 0.0318358 136 400 217 439
Vest 0.0315535 195 360 456 507
Vest 0.0312700 455 374 509 444
Goggle 0.0312652 480 305 509 329
Goggle 0.0311683 234 365 511 458
Shoe 0.0306758 473 440 508 477
Shoe 0.0306405 454 306 508 340
Person 0.0305379 0 33 512 512
Person 0.0301964 40 394 133 450
Vest 0.0301685 293 345 512 511
Helmet 0.0301506 42 392 122 430
Helmet 0.0300382 28 412 119 454
Goggle 0.0299166 452 294 512 331
Goggle 0.0298549 471 300 509 320
Helmet 0.0297283 464 442 509 471
Helmet 0.0293074 454 318 486 331
Goggle 0.0286958 52 372 131 476
Helmet 0.0283487 0 460 46 484
Person 0.0278767 121 171 512 512
Goggle 0.0275610 144 408 190 432
Person 0.0275257 96 372 509 512
Vest 0.0274724 447 352 512 475
Vest 0.0272529 27 93 512 512
Vest 0.0266118 83 352 512 512
Shoe 0.0265987 488 438 510 471
Person 0.0264714 176 330 500 447
Helmet 0.0264460 72 341 134 359
Helmet 0.0262444 109 420 140 445
Goggle 0.0260318 173 409 208 431
Shoe 0.0258054 449 441 481 466
Goggle 0.0257571 480 449 505 482
Goggle 0.0257248 451 319 499 338
Helmet 0.0255232 0 360 294 488
Helmet 0.0252027 97 411 135 443
Helmet 0.0250797 47 374 139 423
Helmet 0.0250415 453 309 498 329
Vest 0.0247469 55 98 122 243
Person 0.0245596 1 336 349 471
Person 0.0245097 389 313 438 332