Helmet 0.8390346 0 328 180 509
Person 0.6979312 27 26 493 512
Vest 0.5601933 255 109 497 512
Vest 0.4962824 79 35 485 512
Person 0.3276315 237 68 496 512
Person 0.2401552 0 319 181 508
Vest 0.2057771 3 313 177 509
Goggle 0.1873041 0 319 181 508
Person 0.1797432 2 173 342 512
Person 0.1772515 211 5 442 82
Shoe 0.1428854 23 6 488 504
Helmet 0.1301552 79 35 485 512
Vest 0.1181904 241 2 421 55
Vest 0.1173920 265 272 460 512
Person 0.1171104 234 2 412 53
Vest 0.1083529 354 16 407 55
Vest 0.1067141 287 235 512 453
Person 0.1049032 105 0 456 103
Helmet 0.0965657 17 402 198 510
Helmet 0.0961832 255 109 497 512
Person 0.0899276 31 5 499 234
Helmet 0.0897809 0 185 214 512
Person 0.0797360 0 290 277 512
Vest 0.0751437 355 0 415 20
Person 0.0706923 146 221 512 512
Vest 0.0671146 0 217 255 512
Vest 0.0646423 316 1 423 46
Person 0.0615799 217 12 482 124
Helmet 0.0600093 21 285 136 479
Vest 0.0586705 211 5 442 82
Helmet 0.0576920 0 263 355 512
Person 0.0548297 0 285 512 512
Vest 0.0541442 299 37 512 410
Goggle 0.0539597 2 173 342 512
Vest 0.0530817 350 167 512 511
Vest 0.0526497 155 170 443 499
Helmet 0.0495630 53 445 209 512
Goggle 0.0494611 17 402 198 510
Vest 0.0491492 298 0 464 68
Person 0.0482395 0 0 512 512
Vest 0.0476577 272 0 512 501
Helmet 0.0458348 0 277 195 463
Helmet 0.0449648 350 15 411 55
Goggle 0.0437544 23 6 488 504
Helmet 0.0433444 6 292 109 415
Person 0.0430335 150 0 512 512
Vest 0.0427886 187 236 512 512
Vest 0.0426643 310 294 507 512
Helmet 0.0426103 70 378 183 512
Vest 0.0414141 245 0 347 30
Person 0.0409998 172 27 504 340
Person 0.0408761 296 0 471 57
Helmet 0.0406476 23 352 242 512
Vest 0.0394927 340 9 429 59
Person 0.0387743 244 0 496 69
Person 0.0387616 164 0 401 61
Helmet 0.0383465 115 448 201 501
Person 0.0383374 0 227 244 512
Person 0.0378177 306 4 509 87
Person 0.0367662 0 138 202 489
Helmet 0.0361725 0 294 133 512
Person 0.0354974 195 113 512 465
Helmet 0.0353947 25 286 63 367
Vest 0.0342566 266 0 361 48
Vest 0.0341551 361 0 408 49
Shoe 0.0340755 5 295 182 512
Helmet 0.0337951 355 0 415 16
Shoe 0.0332160 277 154 496 501
Vest 0.0330082 255 385 491 512
Person 0.0329279 258 29 423 104
Person 0.0328735 153 31 498 168
Person 0.0328007 274 91 351 125
Helmet 0.0324134 237 0 375 42
Person 0.0319161 0 235 140 512
Vest 0.0308021 0 63 318 512
Person 0.0304054 243 289 512 512
Person 0.0301385 160 25 405 114
Helmet 0.0300832 95 429 198 488
Vest 0.0297400 229 176 473 403
Vest 0.0297374 274 0 422 37
Person 0.0297044 54 323 238 512
Helmet 0.0296780 188 3 459 90
Helmet 0.0293929 272 0 512 501
Goggle 0.0293601 65 436 199 507
Helmet 0.0292998 41 261 125 407
Goggle 0.0291776 0 213 152 512
Helmet 0.0289923 1 311 85 500
Person 0.0289530 332 0 512 442
Shoe 0.0287337 211 5 442 82
Vest 0.0286961 54 0 512 512
Person 0.0286541 316 1 423 46
Goggle 0.0283166 21 285 136 479
Helmet 0.0280287 316 1 423 46
Goggle 0.0279406 6 292 109 415
Vest 0.0277028 171 100 508 374
Person 0.0276443 77 0 512 146
Helmet 0.0273677 0 63 318 512
Vest 0.0271970 221 347 432 512
Goggle 0.0271183 135 432 193 512
Goggle 0.0269627 23 352 242 512