Helmet 0.8572541 40 385 142 488
Vest 0.8339945 260 261 486 458
Vest 0.8131486 206 77 503 254
Helmet 0.7987914 88 283 200 393
Helmet 0.7506999 64 160 156 233
Person 0.5930313 79 229 512 498
Goggle 0.5684997 146 159 177 224
Person 0.5210038 96 52 512 261
Vest 0.3098639 117 234 495 483
Helmet 0.2710316 68 291 180 434
Goggle 0.2555456 185 292 224 370
Vest 0.2385114 203 328 488 491
Helmet 0.2029996 56 329 190 480
Helmet 0.1999008 82 270 172 353
Helmet 0.1997725 121 478 167 512
Vest 0.1873872 99 67 512 339
Helmet 0.1856248 36 377 217 502
Goggle 0.1813482 157 163 181 215
Helmet 0.1771507 56 262 236 408
Vest 0.1586532 268 68 503 411
Goggle 0.1559501 85 273 204 394
Vest 0.1527937 196 151 512 306
Vest 0.1501370 85 273 204 394
Person 0.1480557 59 391 489 512
Goggle 0.1426708 137 153 165 217
Vest 0.1402602 189 117 401 258
Goggle 0.1370779 164 269 229 387
Vest 0.1364878 132 397 499 511
Goggle 0.1293540 46 380 146 492
Vest 0.1248796 218 217 510 379
Goggle 0.1219142 107 153 171 239
Person 0.1186903 155 76 506 428
Vest 0.1151364 41 385 141 488
Vest 0.1137236 200 94 299 229
Person 0.1090876 74 253 207 423
Person 0.1087507 122 478 180 512
Helmet 0.1053606 114 166 174 226
Helmet 0.1050682 85 148 173 251
Person 0.0995336 32 367 270 503
Helmet 0.0982989 261 33 327 72
Helmet 0.0943400 142 159 183 225
Goggle 0.0923459 189 280 217 352
Goggle 0.0908164 65 155 156 230
Goggle 0.0899309 144 141 185 238
Vest 0.0896160 65 157 155 232
Goggle 0.0872200 77 331 177 478
Vest 0.0866122 344 48 512 289
Helmet 0.0857716 63 174 160 299
Helmet 0.0855603 96 52 512 261
Helmet 0.0849733 184 232 512 476
Person 0.0836225 168 335 484 494
Goggle 0.0821672 122 478 170 512
Helmet 0.0803719 56 406 167 506
Helmet 0.0759893 74 226 204 359
Person 0.0741616 46 392 144 492
Person 0.0727952 19 316 416 504
Vest 0.0692259 424 82 508 237
Person 0.0689715 221 245 484 461
Helmet 0.0676896 129 266 214 390
Person 0.0675718 33 345 169 512
Person 0.0673352 141 391 293 466
Person 0.0671377 64 89 350 259
Helmet 0.0671276 35 362 171 455
Goggle 0.0668547 141 286 213 397
Vest 0.0665757 452 240 511 358
Helmet 0.0651395 28 349 153 512
Vest 0.0638037 244 255 359 348
Goggle 0.0631763 197 298 222 357
Helmet 0.0630266 59 394 152 460
Shoe 0.0629740 456 426 510 462
Goggle 0.0624911 166 163 188 210
Goggle 0.0615665 63 298 183 414
Person 0.0597819 25 150 428 458
Person 0.0587342 196 151 512 306
Vest 0.0584267 206 164 507 512
Vest 0.0580110 129 417 353 509
Helmet 0.0571423 113 429 149 503
Helmet 0.0567784 42 144 227 258
Person 0.0562691 260 32 367 72
Helmet 0.0558650 45 388 130 444
Helmet 0.0552503 91 335 226 459
Person 0.0551952 36 106 251 283
Goggle 0.0549497 151 49 483 245
Goggle 0.0546546 140 158 171 197
Vest 0.0544189 189 88 286 172
Vest 0.0536441 305 87 505 218
Helmet 0.0526855 49 308 275 491
Helmet 0.0521746 184 287 226 384
Helmet 0.0521518 82 327 188 400
Helmet 0.0520959 131 484 181 512
Person 0.0518594 199 387 269 424
Vest 0.0515459 121 478 167 512
Helmet 0.0515347 35 382 65 412
Person 0.0512812 62 158 160 240
Person 0.0510498 206 164 507 512
Person 0.0499707 11 75 419 348
Person 0.0499585 14 0 466 294
Goggle 0.0495975 175 278 208 367
Vest 0.0491194 65 287 187 438
Vest 0.0490697 252 424 498 503