Goggle 0.7962965 146 182 224 347
Helmet 0.6486398 0 178 162 372
Vest 0.5887305 393 108 504 442
Goggle 0.3389898 106 167 236 373
Goggle 0.2775061 25 165 213 383
Helmet 0.2229225 145 176 224 349
Person 0.1661406 393 108 504 442
Person 0.1648766 326 73 512 500
Person 0.1519959 0 178 162 372
Helmet 0.1456614 73 169 230 381
Vest 0.1435155 419 235 508 469
Vest 0.1362977 326 73 512 500
Vest 0.1244883 412 117 508 259
Vest 0.1222086 426 213 509 371
Helmet 0.1200406 393 108 504 442
Person 0.1174356 30 66 511 512
Vest 0.1131454 411 346 511 463
Goggle 0.1084944 2 133 297 428
Goggle 0.1065815 156 198 212 312
Person 0.0799562 0 154 362 410
Helmet 0.0788513 0 115 205 421
Shoe 0.0770086 404 153 509 403
Vest 0.0716696 4 173 175 370
Goggle 0.0699491 176 187 260 348
Goggle 0.0676177 77 202 210 340
Goggle 0.0666864 169 187 235 306
Helmet 0.0651325 0 110 405 464
Goggle 0.0605243 0 175 147 366
Vest 0.0600380 397 53 512 323
Vest 0.0587896 155 34 507 512
Goggle 0.0566716 156 218 244 404
Person 0.0546344 0 77 249 486
Goggle 0.0539577 0 90 479 480
Shoe 0.0520388 150 183 217 344
Goggle 0.0495753 129 155 265 319
Helmet 0.0454342 0 220 308 439
Goggle 0.0443893 124 173 199 337
Vest 0.0425869 362 268 503 512
Person 0.0424439 145 176 224 349
Vest 0.0417661 427 148 508 318
Goggle 0.0416546 0 86 156 466
Vest 0.0415588 443 362 512 498
Goggle 0.0415552 172 225 222 343
Shoe 0.0412813 348 119 508 464
Goggle 0.0386930 100 221 192 412
Vest 0.0385620 416 101 511 201
Person 0.0383704 257 152 477 511
Person 0.0380991 0 0 512 512
Goggle 0.0379598 5 44 190 368
Helmet 0.0371208 35 249 238 391
Vest 0.0367090 363 200 512 464
Vest 0.0362435 383 180 512 351
Shoe 0.0360669 0 90 512 493
Helmet 0.0358907 2 150 104 338
Goggle 0.0357073 131 243 210 381
Person 0.0349877 31 124 224 402
Goggle 0.0347706 46 222 275 404
Vest 0.0342990 0 154 362 410
Helmet 0.0339882 326 73 512 500
Person 0.0333176 0 18 512 512
Person 0.0333036 363 200 512 464
Helmet 0.0328658 0 161 114 421
Goggle 0.0310587 149 222 201 345
Shoe 0.0306754 419 235 508 469
Helmet 0.0292064 156 218 244 404
Goggle 0.0289088 146 246 221 323
Goggle 0.0289010 114 175 328 495
Vest 0.0286882 340 60 486 349
Goggle 0.0286334 139 163 231 274
Helmet 0.0285683 0 0 95 51
Helmet 0.0285188 363 200 512 464
Vest 0.0284477 447 271 512 446
Person 0.0283205 374 0 512 432
Goggle 0.0282779 153 189 217 264
Person 0.0280938 102 275 512 512
Helmet 0.0278876 419 235 508 469
Helmet 0.0276043 0 254 197 423
Helmet 0.0274861 0 177 132 318
Goggle 0.0273073 191 189 235 278
Goggle 0.0271726 147 181 190 282
Goggle 0.0271081 164 252 229 375
Helmet 0.0269954 176 187 260 348
Goggle 0.0264344 0 149 195 330
Vest 0.0261597 257 152 477 511
Helmet 0.0260395 408 120 506 295
Goggle 0.0259694 7 236 211 447
Helmet 0.0259264 164 200 220 319
Goggle 0.0255894 120 235 232 452
Shoe 0.0255580 408 120 506 295
Helmet 0.0255070 0 237 124 391
Shoe 0.0253743 6 145 192 388
Vest 0.0250018 286 141 512 351
Vest 0.0248754 399 180 484 331
Vest 0.0247532 412 264 512 512
Helmet 0.0247135 0 191 138 286
Helmet 0.0245557 129 172 278 372
Goggle 0.0243387 188 236 235 342
Vest 0.0243308 374 0 512 432
Helmet 0.0243180 100 124 320 444
Helmet 0.0242826 82 28 510 512