Vest 0.6509300 263 191 508 349
Helmet 0.6005271 1 201 117 316
Goggle 0.5423002 122 217 182 310
Goggle 0.4739908 79 307 153 390
Helmet 0.4518955 3 357 234 512
Person 0.4419953 11 108 509 374
Helmet 0.4164400 0 311 74 425
Person 0.4054558 16 314 512 512
Vest 0.4006684 359 401 502 511
Helmet 0.3676240 194 142 260 184
Helmet 0.2879961 0 187 210 336
Vest 0.2532494 343 125 506 205
Vest 0.2520242 165 121 500 349
Goggle 0.2175567 65 213 177 315
Helmet 0.2133218 0 307 177 443
Person 0.2072464 179 97 495 213
Helmet 0.1983569 3 202 156 393
Helmet 0.1962614 1 366 131 504
Vest 0.1890966 269 370 512 508
Person 0.1863543 222 356 508 511
Vest 0.1822563 252 117 500 223
Vest 0.1820052 244 316 475 432
Helmet 0.1755935 2 313 53 384
Vest 0.1671138 252 243 499 415
Helmet 0.1656797 5 327 99 478
Helmet 0.1628167 0 278 110 407
Vest 0.1619442 262 327 413 413
Helmet 0.1615522 18 229 130 357
Goggle 0.1536461 25 273 187 424
Person 0.1485921 127 53 487 496
Goggle 0.1471490 38 228 200 367
Goggle 0.1405985 0 185 249 340
Vest 0.1350069 309 138 508 302
Goggle 0.1320081 70 271 167 375
Goggle 0.1307039 11 338 202 484
Helmet 0.1285142 366 401 512 507
Helmet 0.1274153 26 289 188 393
Goggle 0.1267860 2 198 141 318
Person 0.1202258 12 363 322 512
Vest 0.1193401 87 224 503 481
Helmet 0.1178826 0 266 246 422
Helmet 0.1175968 45 205 162 328
Helmet 0.1168158 142 184 195 209
Goggle 0.1156207 11 365 284 512
Person 0.1151433 0 187 199 334
Person 0.1141482 365 401 505 512
Vest 0.1134235 347 350 503 512
Vest 0.1132008 339 108 509 173
Person 0.1126827 105 255 512 463
Goggle 0.1125800 135 201 195 290
Vest 0.1101266 194 142 260 184
Person 0.1092069 229 152 497 329
Goggle 0.1067148 105 227 173 332
Goggle 0.1042126 21 284 264 472
Helmet 0.1041896 15 324 344 494
Person 0.1017841 257 114 496 265
Helmet 0.1013874 47 248 204 349
Vest 0.1011727 261 112 506 480
Goggle 0.1002755 57 306 164 444
Goggle 0.0997026 133 219 166 294
Person 0.0983128 145 171 272 222
Helmet 0.0980918 0 263 126 492
Goggle 0.0973364 94 246 186 368
Person 0.0959404 24 292 401 449
Helmet 0.0947208 212 134 265 176
Person 0.0944560 198 308 489 443
Helmet 0.0934533 187 154 243 186
Goggle 0.0932989 95 286 184 415
Helmet 0.0925031 1 219 279 375
Person 0.0920422 188 130 389 200
Helmet 0.0899263 79 307 153 390
Person 0.0879375 5 136 407 512
Vest 0.0864637 3 333 405 512
Person 0.0854480 118 187 494 512
Vest 0.0846488 7 205 112 317
Helmet 0.0800826 54 324 204 487
Person 0.0797270 343 113 506 197
Goggle 0.0795591 13 222 336 375
Person 0.0778858 1 219 279 375
Goggle 0.0777041 49 293 217 387
Goggle 0.0773052 18 229 130 357
Goggle 0.0772693 81 303 135 361
Helmet 0.0771595 50 422 224 511
Helmet 0.0762162 182 136 291 190
Person 0.0761941 118 89 504 284
Helmet 0.0758157 260 182 502 343
Goggle 0.0749726 23 304 130 449
Helmet 0.0741464 64 282 158 419
Helmet 0.0728460 172 173 231 203
Vest 0.0727956 11 384 241 512
Vest 0.0725552 26 135 512 413
Helmet 0.0716891 70 215 229 318
Helmet 0.0709120 167 158 265 206
Goggle 0.0702132 138 240 190 327
Person 0.0699061 22 160 394 320
Helmet 0.0688093 0 186 108 275
Person 0.0663472 157 148 293 213
Helmet 0.0655131 0 243 434 488
Goggle 0.0653546 4 275 95 421
Vest 0.0653125 433 387 512 512