Helmet 0.7380056 0 173 70 230
Vest 0.7297502 139 120 396 237
Vest 0.5598572 214 243 464 345
Helmet 0.4173816 88 239 156 305
Person 0.3389810 0 87 512 326
Vest 0.3039022 184 176 418 317
Person 0.2680393 47 178 512 359
Vest 0.2375413 296 262 485 336
Vest 0.2038157 62 91 456 246
Person 0.1789637 62 91 456 246
Helmet 0.1777320 14 88 56 112
Person 0.1531102 212 237 472 343
Goggle 0.1391932 0 171 70 232
Person 0.1344238 89 143 487 302
Vest 0.1231383 89 143 487 302
Vest 0.1114775 110 111 236 167
Person 0.1053852 139 120 396 237
Vest 0.0974023 101 211 505 354
Vest 0.0890388 212 260 374 332
Helmet 0.0856959 86 237 210 314
Helmet 0.0806283 185 390 220 440
Person 0.0801812 107 255 509 401
Vest 0.0789305 119 124 267 206
Vest 0.0774200 0 175 71 230
Person 0.0730412 0 1 512 392
Helmet 0.0644863 19 167 93 231
Vest 0.0643073 228 125 407 211
Vest 0.0614582 86 240 157 305
Goggle 0.0594223 14 88 56 112
Person 0.0592558 0 60 406 275
Vest 0.0592069 165 115 239 148
Helmet 0.0587146 8 84 49 103
Person 0.0566570 174 187 466 319
Goggle 0.0548160 85 236 158 305
Person 0.0544267 0 172 71 231
Vest 0.0537294 0 87 512 326
Shoe 0.0533013 424 144 508 223
Vest 0.0532769 132 150 303 229
Helmet 0.0528287 11 84 79 115
Person 0.0526910 198 423 471 509
Person 0.0511237 0 72 318 226
Vest 0.0499803 161 273 448 369
Helmet 0.0497160 0 199 62 233
Vest 0.0495073 176 459 309 512
Helmet 0.0478646 7 148 79 249
Vest 0.0477397 218 285 422 348
Helmet 0.0474122 0 158 114 225
Vest 0.0470590 224 155 413 234
Vest 0.0468877 149 230 379 321
Person 0.0464157 185 390 220 440
Vest 0.0462492 217 128 437 272
Helmet 0.0458329 173 460 302 512
Shoe 0.0456880 399 112 507 209
Helmet 0.0455089 74 127 480 292
Goggle 0.0453532 66 181 86 222
Person 0.0447039 79 242 393 354
Person 0.0447031 104 9 489 457
Vest 0.0446318 221 226 427 307
Vest 0.0438950 181 94 375 295
Vest 0.0430541 185 391 218 437
Helmet 0.0428192 0 165 64 206
Helmet 0.0426246 153 116 391 240
Shoe 0.0419295 426 183 503 223
Helmet 0.0418682 12 185 64 221
Person 0.0415800 86 237 210 314
Person 0.0412268 211 109 502 235
Person 0.0409447 270 444 444 511
Helmet 0.0400679 0 192 75 248
Helmet 0.0386116 2 171 42 223
Helmet 0.0380356 11 87 33 100
Vest 0.0378287 6 1 136 52
Vest 0.0375902 87 237 283 317
Person 0.0370237 5 2 146 65
Vest 0.0369161 79 189 394 290
Helmet 0.0368363 11 92 35 106
Vest 0.0366570 198 217 394 424
Person 0.0365830 168 376 494 494
Helmet 0.0363505 112 254 169 305
Vest 0.0361364 73 99 279 232
Helmet 0.0359478 36 173 74 231
Helmet 0.0357104 9 95 48 115
Helmet 0.0354231 0 160 62 267
Goggle 0.0353795 29 161 76 225
Person 0.0349511 0 111 209 239
Helmet 0.0344723 6 1 136 52
Shoe 0.0344598 139 120 396 237
Vest 0.0343077 117 103 210 222
Person 0.0341663 0 0 512 512
Person 0.0340046 0 37 177 293
Helmet 0.0339960 183 305 214 328
Person 0.0339375 12 87 57 111
Vest 0.0334269 242 137 450 369
Person 0.0333645 241 379 410 442
Vest 0.0330766 327 183 409 222
Person 0.0330576 0 84 110 265
Helmet 0.0325452 16 175 64 206
Vest 0.0323939 259 283 493 361
Vest 0.0323733 11 86 58 111
Helmet 0.0320503 43 86 86 111
Person 0.0320368 113 109 236 170