Vest 0.8048408 145 237 437 368
Person 0.4744795 60 208 471 386
Goggle 0.3138528 37 275 75 346
Helmet 0.1721645 35 275 75 345
Vest 0.1253002 53 203 482 386
Goggle 0.0997799 26 265 86 364
Helmet 0.0899629 18 270 87 358
Person 0.0855002 363 3 507 69
Vest 0.0819385 152 2 312 59
Vest 0.0818304 411 203 508 290
Helmet 0.0698341 60 208 471 386
Vest 0.0665930 226 182 413 415
Helmet 0.0641680 160 2 298 53
Person 0.0596291 260 5 489 73
Vest 0.0594498 262 207 465 362
Vest 0.0590162 127 187 387 346
Shoe 0.0574468 145 237 437 368
Person 0.0565926 424 0 509 55
Person 0.0544909 1 120 512 456
Helmet 0.0529013 199 231 445 367
Person 0.0514091 227 230 484 394
Vest 0.0499513 142 234 308 344
Person 0.0472517 128 7 358 72
Vest 0.0470573 279 1 460 57
Goggle 0.0458191 58 273 103 353
Helmet 0.0415774 16 286 61 354
Goggle 0.0398461 49 269 79 332
Vest 0.0397394 432 0 507 57
Person 0.0393974 465 0 511 63
Goggle 0.0381669 88 217 460 382
Person 0.0378996 429 202 510 361
Goggle 0.0375103 44 291 90 377
Helmet 0.0373043 212 455 258 512
Vest 0.0372029 153 277 483 410
Person 0.0365851 228 0 452 56
Vest 0.0365573 164 263 345 358
Goggle 0.0358385 35 236 100 352
Person 0.0355407 0 4 512 414
Goggle 0.0348835 25 288 66 353
Person 0.0348708 114 42 489 512
Vest 0.0347262 436 219 500 268
Helmet 0.0346747 465 0 511 63
Vest 0.0344657 237 257 435 354
Person 0.0337687 138 239 421 362
Vest 0.0332708 92 227 354 412
Person 0.0329110 305 0 512 66
Helmet 0.0324597 432 0 507 57
Person 0.0321675 306 2 472 53
Person 0.0318758 112 0 321 56
Goggle 0.0316027 7 229 77 355
Vest 0.0313293 91 53 459 491
Vest 0.0313123 344 141 493 407
Vest 0.0311264 420 192 503 352
Helmet 0.0301054 0 254 79 349
Vest 0.0299333 358 0 510 61
Shoe 0.0299213 53 203 482 386
Person 0.0293788 411 203 508 290
Vest 0.0292125 141 240 240 373
Goggle 0.0289002 52 292 77 346
Person 0.0288853 0 0 512 512
Shoe 0.0286416 448 353 509 389
Vest 0.0279364 216 233 512 394
Shoe 0.0278753 483 81 512 162
Helmet 0.0270552 483 81 512 162
Person 0.0269034 437 355 512 392
Helmet 0.0268944 30 290 78 371
Vest 0.0268639 465 0 511 63
Vest 0.0266164 298 261 458 383
Goggle 0.0265407 21 273 132 348
Person 0.0265376 212 455 258 512
Person 0.0262417 0 200 438 450
Vest 0.0259204 360 230 443 371
Person 0.0256659 426 0 507 110
Person 0.0254010 135 276 464 408
Person 0.0253979 0 101 446 373
Person 0.0253383 186 176 512 399
Vest 0.0250368 271 164 298 179
Shoe 0.0249928 432 354 458 378
Person 0.0248942 271 165 294 178
Shoe 0.0246897 437 358 463 383
Helmet 0.0246189 44 254 93 339
Vest 0.0243639 211 457 258 509
Vest 0.0238646 378 349 458 380
Helmet 0.0237542 295 0 427 48
Person 0.0234996 92 3 264 72
Person 0.0234987 396 349 511 397
Person 0.0232532 0 223 257 376
Vest 0.0230659 174 0 265 53
Vest 0.0227036 146 6 395 73
Person 0.0225506 374 357 472 392
Goggle 0.0223405 165 0 289 50
Vest 0.0222731 171 154 512 349
Goggle 0.0220527 39 301 66 351
Vest 0.0220405 387 188 506 261
Helmet 0.0220143 170 0 286 34
Person 0.0219181 165 0 289 50
Person 0.0218728 172 0 485 75
Goggle 0.0218074 210 241 432 367
Goggle 0.0217617 10 277 55 352
Goggle 0.0215820 34 294 72 332