Helmet 0.7271922 47 74 241 358
Person 0.6183698 23 10 498 504
Goggle 0.4128512 46 74 241 363
Person 0.3157518 43 65 314 457
Helmet 0.1976213 35 37 367 433
Vest 0.1434148 46 74 241 363
Shoe 0.1391735 24 38 512 512
Goggle 0.1273639 45 43 328 449
Goggle 0.1197387 142 42 292 351
Goggle 0.1180386 230 79 304 275
Person 0.1127539 237 65 512 512
Person 0.0902066 42 91 242 354
Goggle 0.0828602 2 6 512 508
Vest 0.0761797 70 41 511 512
Helmet 0.0708921 72 157 282 387
Helmet 0.0706519 24 8 276 286
Goggle 0.0663721 202 101 282 320
Goggle 0.0635797 223 149 294 339
Helmet 0.0615329 230 79 304 275
Goggle 0.0608368 191 65 323 370
Helmet 0.0582414 176 79 285 336
Helmet 0.0578986 23 0 512 503
Vest 0.0557938 280 82 508 488
Helmet 0.0506715 22 217 231 357
Person 0.0477489 40 254 502 512
Person 0.0459560 162 62 401 469
Goggle 0.0443436 240 64 293 206
Goggle 0.0440153 72 157 282 387
Vest 0.0431458 45 43 328 449
Person 0.0429787 306 25 512 409
Helmet 0.0423120 25 139 197 485
Person 0.0416011 150 0 512 512
Person 0.0413611 234 5 512 147
Person 0.0410878 36 0 408 292
Goggle 0.0408223 24 8 276 286
Helmet 0.0400509 124 51 254 304
Helmet 0.0389667 5 78 142 377
Helmet 0.0389542 0 70 220 257
Helmet 0.0386268 219 46 508 512
Person 0.0381030 0 0 498 512
Goggle 0.0374468 0 0 261 399
Goggle 0.0356305 157 83 251 322
Shoe 0.0349101 46 74 241 363
Helmet 0.0341394 0 0 261 399
Goggle 0.0332413 120 79 224 293
Goggle 0.0330502 75 96 321 290
Helmet 0.0311928 36 61 252 200
Person 0.0311655 176 103 512 454
Goggle 0.0308491 76 105 429 360
Helmet 0.0307156 116 184 250 343
Person 0.0292691 0 0 512 346
Person 0.0291532 179 36 495 348
Helmet 0.0290517 59 156 228 314
Goggle 0.0284045 57 48 241 236
Person 0.0283203 0 16 235 455
Goggle 0.0272608 25 139 197 485
Person 0.0267830 388 464 512 511
Goggle 0.0263802 197 189 270 352
Goggle 0.0258438 226 58 274 201
Vest 0.0258194 369 95 512 470
Person 0.0258122 153 314 512 500
Helmet 0.0256810 85 83 201 295
Goggle 0.0255942 11 142 216 317
Helmet 0.0254631 107 113 323 494
Vest 0.0254164 22 217 231 357
Person 0.0253930 317 242 506 512
Helmet 0.0246010 59 120 228 244
Goggle 0.0241101 242 84 340 337
Person 0.0240665 369 95 512 470
Person 0.0240325 100 195 512 512
Person 0.0240148 340 7 509 89
Vest 0.0239538 0 0 512 512
Helmet 0.0238186 93 249 222 353
Person 0.0232389 21 34 229 259
Person 0.0230128 230 79 304 275
Person 0.0225788 299 26 494 121
Helmet 0.0222555 228 160 306 352
Person 0.0222123 429 2 511 46
Helmet 0.0221560 75 96 321 290
Person 0.0220789 75 96 321 290
Goggle 0.0218559 0 1 169 427
Helmet 0.0217647 0 14 247 161
Goggle 0.0217455 87 186 452 512
Vest 0.0214250 226 94 512 512
Helmet 0.0214038 57 0 480 278
Goggle 0.0213161 252 77 301 177
Person 0.0211969 38 144 407 512
Helmet 0.0211145 0 227 266 426
Goggle 0.0210627 180 165 292 400
Vest 0.0209423 0 0 263 322
Person 0.0208719 308 0 512 449
Person 0.0208407 354 441 510 508
Shoe 0.0208089 212 5 512 147
Helmet 0.0207941 0 109 287 440
Person 0.0207582 196 243 389 512
Goggle 0.0207421 238 123 290 241
Helmet 0.0206950 156 120 300 235
Helmet 0.0206928 88 193 204 380
Shoe 0.0204041 299 26 494 121
Goggle 0.0203497 5 78 142 377