Vest 0.6771082 132 263 493 504
Vest 0.6603990 233 15 485 209
Helmet 0.6585014 46 50 168 162
Goggle 0.6267689 39 297 93 388
Person 0.5520836 63 230 512 512
Goggle 0.5113463 114 69 172 170
Person 0.4890911 52 7 512 279
Helmet 0.4131560 6 296 92 386
Vest 0.2506286 95 0 499 258
Goggle 0.2265625 70 51 177 164
Vest 0.1477529 142 36 508 455
Helmet 0.1394460 109 65 167 168
Person 0.1350354 7 57 512 425
Vest 0.1171174 200 76 506 324
Helmet 0.1149478 132 263 493 504
Helmet 0.1100726 27 31 230 172
Vest 0.0950169 182 166 498 512
Helmet 0.0905177 0 285 61 375
Vest 0.0898726 260 308 512 512
Goggle 0.0880476 3 291 89 384
Vest 0.0800858 48 50 172 163
Goggle 0.0800115 132 85 186 178
Helmet 0.0767717 19 20 158 216
Goggle 0.0760055 59 283 106 378
Helmet 0.0754530 46 283 96 383
Goggle 0.0738567 155 263 493 512
Person 0.0736234 40 45 190 172
Goggle 0.0726367 126 49 191 159
Helmet 0.0724854 177 7 505 250
Helmet 0.0715264 46 61 134 127
Vest 0.0714685 437 373 509 512
Person 0.0687459 196 0 509 400
Goggle 0.0666113 27 282 111 413
Helmet 0.0641990 27 282 111 413
Goggle 0.0632851 115 79 223 179
Helmet 0.0600802 113 52 206 190
Vest 0.0585162 222 187 512 449
Person 0.0569738 15 285 94 402
Goggle 0.0566306 80 83 161 155
Shoe 0.0558370 63 230 512 512
Helmet 0.0542480 4 306 50 388
Goggle 0.0518765 37 28 205 183
Goggle 0.0513330 88 62 173 123
Goggle 0.0505427 121 109 167 176
Helmet 0.0479437 38 316 86 391
Shoe 0.0478923 488 7 511 48
Person 0.0476474 45 15 243 200
Vest 0.0469892 175 288 370 491
Helmet 0.0468189 65 71 255 195
Person 0.0467096 235 11 490 202
Vest 0.0461899 149 294 512 512
Goggle 0.0440842 150 0 492 227
Goggle 0.0439653 43 58 148 187
Helmet 0.0424070 0 274 111 360
Person 0.0422035 173 267 512 512
Goggle 0.0421512 53 298 94 360
Helmet 0.0419920 21 38 512 373
Helmet 0.0418713 24 15 182 119
Person 0.0413153 209 110 509 512
Vest 0.0402096 193 304 424 512
Goggle 0.0400834 72 299 120 391
Vest 0.0400727 243 0 512 260
Vest 0.0399308 463 418 509 512
Helmet 0.0395964 61 72 162 237
Goggle 0.0393890 153 92 206 181
Helmet 0.0390257 209 110 509 512
Person 0.0389824 0 0 500 200
Goggle 0.0389521 58 320 106 410
Vest 0.0378638 359 260 512 512
Vest 0.0371314 80 187 432 449
Helmet 0.0365212 226 73 489 361
Helmet 0.0357397 0 191 512 512
Goggle 0.0355539 103 100 201 200
Shoe 0.0352949 5 71 512 429
Goggle 0.0349628 112 41 164 137
Goggle 0.0349430 40 330 82 389
Helmet 0.0347423 22 310 71 389
Person 0.0346993 0 232 113 462
Person 0.0346826 163 0 512 248
Vest 0.0345235 15 285 94 402
Goggle 0.0341532 52 264 124 389
Person 0.0340896 0 331 441 512
Person 0.0338670 352 191 404 212
Vest 0.0338208 346 0 463 25
Person 0.0335724 28 0 412 358
Helmet 0.0335595 0 248 126 440
Person 0.0333391 0 138 501 512
Helmet 0.0332217 36 58 113 179
Helmet 0.0326757 116 102 160 174
Goggle 0.0326716 41 51 304 205
Helmet 0.0321471 80 2 191 157
Goggle 0.0320338 19 314 74 387
Helmet 0.0320081 0 322 70 383
Person 0.0319870 178 114 508 262
Helmet 0.0319280 58 9 145 143
Goggle 0.0317343 0 222 511 512
Person 0.0315690 21 256 361 492
Helmet 0.0313735 88 79 154 159
Vest 0.0311810 208 9 408 168
Helmet 0.0307092 86 108 175 176