Vest 0.7499182 157 121 373 387
Person 0.6765544 68 74 435 420
Vest 0.3569610 109 62 434 424
Person 0.3507299 156 128 382 384
Helmet 0.2873294 154 126 379 400
Goggle 0.1888889 35 203 102 341
Shoe 0.1404804 20 43 502 432
Helmet 0.1220762 71 68 462 426
Person 0.1184855 10 0 481 396
Person 0.1163695 0 0 332 483
Goggle 0.0894013 48 221 89 320
Goggle 0.0787705 151 128 371 370
Helmet 0.0630016 10 178 94 377
Shoe 0.0615406 156 128 382 384
Person 0.0555278 153 0 507 475
Person 0.0507602 0 42 512 472
Helmet 0.0501140 28 207 104 330
Goggle 0.0487739 10 178 94 377
Vest 0.0481472 44 14 329 444
Vest 0.0459671 146 10 420 281
Person 0.0451682 0 0 483 512
Vest 0.0438634 137 249 368 391
Person 0.0431650 3 155 102 409
Vest 0.0427539 140 168 512 394
Goggle 0.0416325 0 145 114 455
Vest 0.0408470 275 81 498 433
Person 0.0405855 9 44 228 412
Person 0.0399345 25 93 401 512
Goggle 0.0396366 61 212 103 311
Person 0.0390138 146 10 420 281
Vest 0.0387400 229 167 432 471
Goggle 0.0373097 32 232 104 411
Vest 0.0369210 140 282 461 416
Helmet 0.0360177 0 145 114 455
Goggle 0.0356719 0 40 481 430
Person 0.0354223 229 167 432 471
Goggle 0.0352974 55 249 92 338
Vest 0.0341873 138 0 321 372
Vest 0.0322356 180 121 395 276
Shoe 0.0319952 428 378 481 422
Goggle 0.0312395 57 205 128 359
Vest 0.0309531 232 68 399 337
Vest 0.0308767 217 184 365 411
Person 0.0298433 134 74 512 383
Helmet 0.0295220 99 78 308 411
Person 0.0294922 0 188 512 512
Person 0.0292120 39 85 351 306
Shoe 0.0291432 392 373 485 417
Person 0.0288681 135 227 477 428
Helmet 0.0287012 0 0 275 458
Person 0.0282683 323 361 488 424
Helmet 0.0282048 27 226 118 428
Helmet 0.0275200 0 0 512 447
Goggle 0.0273138 48 181 114 314
Goggle 0.0270726 16 204 77 330
Person 0.0268605 275 81 498 433
Shoe 0.0267976 0 0 512 512
Person 0.0266559 0 0 512 424
Shoe 0.0265250 341 362 493 424
Vest 0.0260234 191 302 374 378
Vest 0.0258762 95 109 349 292
Shoe 0.0250077 452 85 497 145
Person 0.0247820 138 0 321 372
Vest 0.0244245 0 0 498 401
Helmet 0.0244166 0 182 66 369
Helmet 0.0243917 59 216 102 318
Person 0.0241424 236 0 460 352
Vest 0.0240466 9 44 228 412
Goggle 0.0233490 75 220 118 315
Helmet 0.0232699 0 243 121 356
Vest 0.0232192 33 0 512 512
Goggle 0.0231871 0 182 76 415
Person 0.0231374 194 12 511 148
Goggle 0.0231093 64 261 86 317
Person 0.0228815 0 107 355 430
Helmet 0.0226247 49 228 88 322
Vest 0.0224919 10 178 94 377
Goggle 0.0223552 449 63 496 148
Goggle 0.0222858 54 274 84 332
Person 0.0222460 0 0 173 447
Helmet 0.0221945 146 10 420 281
Goggle 0.0218211 57 250 81 313
Shoe 0.0216752 450 386 482 420
Person 0.0216547 178 377 230 396
Shoe 0.0215966 408 54 503 153
Goggle 0.0212902 12 282 96 434
Person 0.0210998 134 121 369 275
Person 0.0208028 0 0 378 300
Vest 0.0207919 234 0 512 417
Helmet 0.0203745 7 265 96 445
Helmet 0.0203016 0 162 305 388
Vest 0.0202440 198 176 458 344
Vest 0.0201624 120 141 299 431
Goggle 0.0200730 36 223 76 313
Person 0.0200371 204 242 388 512
Person 0.0194017 322 10 512 458
Goggle 0.0191653 135 227 477 428
Person 0.0191040 118 0 446 229
Shoe 0.0189956 444 128 475 153
Person 0.0189712 143 0 512 331