Person 0.8854230 31 92 501 512
Shoe 0.1952277 48 80 474 493
Goggle 0.1595605 94 123 175 266
Vest 0.1050792 24 90 502 512
Goggle 0.1019382 31 92 501 512
Helmet 0.0794405 31 92 501 512
Shoe 0.0771105 124 403 315 510
Goggle 0.0756005 123 161 172 262
Helmet 0.0617388 49 69 182 306
Person 0.0603142 119 403 325 511
Goggle 0.0603135 135 402 323 511
Person 0.0577881 80 132 462 385
Person 0.0576822 59 123 304 467
Goggle 0.0539080 54 87 177 278
Helmet 0.0500862 52 121 186 232
Vest 0.0474006 135 402 323 511
Person 0.0464021 78 82 471 281
Shoe 0.0459049 66 0 512 512
Person 0.0436481 161 387 307 474
Person 0.0407599 138 251 187 266
Goggle 0.0383869 112 132 161 251
Person 0.0370546 273 133 504 505
Person 0.0359405 113 290 451 507
Helmet 0.0357455 135 402 323 511
Goggle 0.0351197 120 136 194 277
Shoe 0.0346184 138 251 187 266
Person 0.0344564 31 203 345 512
Goggle 0.0343895 108 88 192 243
Person 0.0339952 128 128 512 453
Helmet 0.0338458 89 140 179 265
Person 0.0338430 0 0 471 512
Person 0.0337835 47 80 180 323
Helmet 0.0320707 27 99 245 261
Person 0.0312926 66 107 170 261
Vest 0.0311823 273 133 504 505
Goggle 0.0307928 61 122 196 229
Person 0.0296660 68 77 512 512
Person 0.0294912 230 0 512 512
Person 0.0289476 11 283 512 512
Person 0.0288814 15 32 375 384
Person 0.0286069 120 0 453 442
Shoe 0.0280509 161 387 307 474
Person 0.0276708 135 391 499 512
Goggle 0.0276630 166 470 263 508
Goggle 0.0267293 128 209 173 277
Goggle 0.0266815 126 124 174 233
Helmet 0.0262029 54 97 135 256
Helmet 0.0261944 123 161 172 262
Person 0.0261864 64 418 269 507
Person 0.0260989 135 255 189 274
Person 0.0258941 43 148 184 451
Goggle 0.0253553 135 446 280 508
Person 0.0250842 174 476 251 510
Person 0.0250329 82 17 482 177
Goggle 0.0246575 63 143 297 501
Helmet 0.0244019 37 136 349 451
Person 0.0240594 235 238 452 512
Person 0.0235556 0 0 512 281
Goggle 0.0229784 137 151 184 253
Vest 0.0228632 37 108 328 406
Person 0.0223422 323 113 512 512
Goggle 0.0223084 174 487 235 510
Goggle 0.0217540 101 161 151 262
Goggle 0.0215970 116 185 159 265
Shoe 0.0215755 218 394 512 512
Person 0.0213552 329 419 512 507
Shoe 0.0210105 329 419 512 507
Person 0.0209394 150 397 372 512
Vest 0.0206900 230 0 512 512
Helmet 0.0204523 174 487 235 510
Person 0.0201812 170 489 232 510
Goggle 0.0201282 64 418 269 507
Shoe 0.0199335 84 408 232 512
Person 0.0196695 56 349 276 512
Helmet 0.0196048 86 86 220 160
Shoe 0.0195570 151 438 283 509
Goggle 0.0195366 106 183 175 245
Person 0.0193729 224 0 492 99
Helmet 0.0192060 116 93 209 142
Goggle 0.0190611 95 94 227 177
Vest 0.0187800 0 0 511 512
Goggle 0.0186845 153 405 256 512
Person 0.0186200 114 251 191 277
Helmet 0.0184357 164 387 312 473
Goggle 0.0184029 69 110 138 246
Goggle 0.0183221 29 115 206 330
Shoe 0.0182900 118 367 446 504
Person 0.0182694 0 0 295 512
Goggle 0.0181703 202 490 251 512
Shoe 0.0181041 135 255 189 274
Helmet 0.0180657 202 490 251 512
Shoe 0.0178753 176 479 240 510
Goggle 0.0178624 77 70 163 227
Helmet 0.0178291 201 151 512 463
Shoe 0.0178118 56 375 281 512
Person 0.0177481 37 81 84 101
Person 0.0176881 27 99 245 261
Person 0.0176278 25 426 306 512
Person 0.0175804 196 27 472 130
Person 0.0175032 156 381 267 512