Goggle 0.7393168 170 75 292 386
Goggle 0.2650345 122 59 248 395
Person 0.2535445 359 46 507 448
Vest 0.2283898 359 44 505 450
Goggle 0.2048180 107 53 332 467
Goggle 0.1940478 158 280 211 393
Helmet 0.1936017 359 44 505 450
Helmet 0.1856628 2 90 176 377
Goggle 0.1777718 53 171 383 508
Goggle 0.1594252 20 53 176 383
Goggle 0.1382155 42 19 250 440
Goggle 0.1378671 202 54 351 428
Goggle 0.1171900 14 180 185 492
Helmet 0.1168838 176 88 268 380
Shoe 0.1146771 359 46 507 448
Goggle 0.1093611 168 75 256 288
Goggle 0.1064816 2 298 166 512
Goggle 0.1047258 22 304 320 512
Goggle 0.1036827 352 81 512 447
Goggle 0.0999309 153 100 232 360
Goggle 0.0987129 260 27 476 484
Goggle 0.0920764 173 63 224 195
Person 0.0919609 2 90 176 377
Helmet 0.0883779 70 44 226 403
Goggle 0.0881422 202 118 297 332
Goggle 0.0879784 6 339 105 512
Vest 0.0878130 388 152 512 512
Goggle 0.0857987 139 0 421 512
Helmet 0.0838295 143 50 292 417
Helmet 0.0823948 51 18 387 475
Goggle 0.0797981 176 74 222 147
Goggle 0.0775333 157 164 266 415
Helmet 0.0771116 44 111 270 341
Person 0.0759792 337 0 512 512
Helmet 0.0737781 8 307 472 512
Goggle 0.0728259 163 215 227 394
Helmet 0.0719281 20 240 333 473
Goggle 0.0696788 0 265 512 512
Vest 0.0661920 301 119 512 491
Vest 0.0625541 382 0 512 324
Helmet 0.0619627 2 313 166 512
Helmet 0.0592407 101 144 348 390
Helmet 0.0591852 293 44 449 449
Person 0.0584926 257 1 468 481
Goggle 0.0576332 125 244 433 453
Goggle 0.0570442 0 358 65 512
Helmet 0.0544861 202 54 351 428
Helmet 0.0524056 14 180 185 492
Goggle 0.0522099 173 312 217 396
Helmet 0.0510429 153 100 232 360
Goggle 0.0502911 142 228 204 392
Goggle 0.0499092 162 56 214 161
Goggle 0.0496626 173 156 405 382
Helmet 0.0489697 211 24 509 502
Goggle 0.0487085 193 286 379 512
Goggle 0.0473667 170 179 512 477
Goggle 0.0472454 266 159 492 394
Helmet 0.0472435 0 32 235 486
Helmet 0.0471071 337 0 512 512
Vest 0.0469513 348 0 512 484
Helmet 0.0464613 318 112 512 356
Person 0.0460252 40 47 266 420
Goggle 0.0449576 135 0 285 306
Person 0.0447901 8 307 472 512
Helmet 0.0443432 0 28 177 126
Helmet 0.0437307 174 121 399 334
Goggle 0.0435444 194 221 285 418
Helmet 0.0427123 125 244 433 453
Goggle 0.0426937 167 74 215 122
Goggle 0.0424876 183 78 239 237
Shoe 0.0424370 171 103 286 356
Person 0.0416234 68 145 512 503
Goggle 0.0416120 92 118 288 335
Goggle 0.0412630 84 191 262 449
Vest 0.0411476 420 202 507 465
Goggle 0.0411092 161 326 207 408
Goggle 0.0410729 8 0 66 85
Goggle 0.0406955 153 313 195 394
Goggle 0.0405564 0 23 212 215
Vest 0.0402729 211 24 509 502
Goggle 0.0400254 144 72 221 276
Helmet 0.0397454 0 1 86 50
Helmet 0.0396860 3 122 341 512
Person 0.0395058 170 75 292 386
Goggle 0.0390568 58 39 398 332
Goggle 0.0387292 190 78 232 175
Goggle 0.0387145 0 398 163 511
Helmet 0.0386561 0 7 240 152
Helmet 0.0382764 10 5 210 96
Goggle 0.0377464 2 0 83 125
Person 0.0376514 139 0 421 512
Goggle 0.0374689 0 135 269 512
Goggle 0.0373409 217 181 312 389
Goggle 0.0372549 178 141 249 369
Helmet 0.0372533 63 290 264 512
Helmet 0.0371589 266 159 492 394
Vest 0.0371097 293 44 449 449
Vest 0.0370496 361 300 512 512
Goggle 0.0369745 152 140 286 279
Helmet 0.0368170 2 1 174 257