Vest 0.8239862 142 210 271 372
Person 0.8031571 74 182 461 404
Shoe 0.6642900 429 278 461 337
Helmet 0.6289921 78 254 114 329
Shoe 0.6054344 431 178 464 258
Shoe 0.2134539 424 192 453 259
Shoe 0.1884767 417 282 451 345
Person 0.1830325 138 203 271 381
Shoe 0.1531953 437 265 468 331
Shoe 0.1522060 272 180 303 214
Vest 0.1378548 144 181 362 388
Shoe 0.1307411 419 257 463 345
Shoe 0.1263528 440 200 460 261
Shoe 0.1222075 413 202 448 262
Goggle 0.1168181 78 252 114 327
Shoe 0.1160318 406 187 457 253
Shoe 0.1151564 66 175 462 402
Vest 0.1061262 66 175 462 402
Helmet 0.0972564 142 210 271 372
Person 0.0916470 1 1 91 43
Shoe 0.0910328 420 168 459 241
Helmet 0.0892557 9 141 48 171
Shoe 0.0879983 434 286 476 348
Shoe 0.0866487 417 170 469 275
Helmet 0.0820738 71 238 120 349
Vest 0.0807557 138 321 285 389
Shoe 0.0779745 440 167 470 242
Person 0.0768031 78 254 114 329
Shoe 0.0766137 405 272 456 332
Vest 0.0763761 155 194 270 299
Vest 0.0726742 163 345 286 394
Shoe 0.0721963 433 269 457 320
Shoe 0.0695777 336 449 372 512
Shoe 0.0676782 136 198 282 368
Shoe 0.0648467 407 288 438 344
Person 0.0647254 0 152 512 451
Shoe 0.0646887 381 208 450 254
Shoe 0.0627558 424 217 448 257
Shoe 0.0622627 445 194 467 258
Helmet 0.0615670 74 182 461 404
Shoe 0.0608194 436 206 475 269
Person 0.0591667 431 178 464 258
Vest 0.0583097 213 347 277 391
Vest 0.0561458 121 229 306 421
Vest 0.0555606 152 210 225 348
Person 0.0549797 0 71 502 364
Vest 0.0546839 94 153 255 410
Shoe 0.0545174 384 268 463 359
Shoe 0.0534079 444 179 483 259
Shoe 0.0533773 445 260 478 328
Person 0.0532433 272 181 304 214
Shoe 0.0528347 378 288 450 338
Goggle 0.0518214 91 252 125 325
Vest 0.0512595 190 188 281 337
Shoe 0.0511836 422 213 462 275
Shoe 0.0508499 275 162 319 213
Person 0.0494748 10 142 49 170
Vest 0.0487216 129 154 285 327
Person 0.0487096 430 278 461 336
Shoe 0.0478643 433 221 452 270
Shoe 0.0473995 302 289 444 361
Vest 0.0471683 114 6 296 92
Helmet 0.0470757 85 255 112 305
Shoe 0.0462705 428 226 474 341
Vest 0.0462222 173 251 276 401
Person 0.0451977 71 238 120 349
Shoe 0.0437915 396 203 438 268
Helmet 0.0436512 89 251 127 333
Shoe 0.0434690 425 300 462 348
Goggle 0.0430503 73 229 121 348
Shoe 0.0430072 448 270 469 318
Vest 0.0428840 9 141 48 171
Shoe 0.0424076 287 146 326 215
Shoe 0.0407243 419 144 454 221
Person 0.0403945 1 1 74 26
Person 0.0403346 0 0 135 52
Vest 0.0399801 0 1 90 31
Person 0.0396168 302 289 444 361
Shoe 0.0396090 419 248 454 313
Vest 0.0389285 181 209 320 367
Vest 0.0387152 170 201 243 237
Person 0.0381334 94 153 255 410
Person 0.0379524 171 221 460 370
Shoe 0.0378875 417 303 439 348
Shoe 0.0377928 361 193 472 267
Shoe 0.0376402 434 147 467 224
Person 0.0374303 126 177 355 369
Vest 0.0370029 78 252 114 327
Shoe 0.0369948 436 179 464 222
Goggle 0.0368090 75 181 454 399
Goggle 0.0367476 424 180 464 256
Person 0.0367456 63 0 333 115
Shoe 0.0362518 399 297 459 346
Shoe 0.0362384 448 177 468 230
Shoe 0.0360569 416 198 464 316
Vest 0.0358635 138 38 174 96
Shoe 0.0353317 397 149 459 273
Shoe 0.0350336 446 294 468 344
Shoe 0.0345718 413 307 458 362
Helmet 0.0341962 87 274 112 330