Person 0.8405248 21 45 503 477
Helmet 0.8109877 25 274 64 343
Shoe 0.7557248 462 201 505 267
Vest 0.7378395 108 252 249 376
Shoe 0.7003774 459 342 507 411
Shoe 0.2969712 481 347 510 408
Shoe 0.2268135 428 336 507 420
Shoe 0.2245476 479 205 509 264
Shoe 0.2147542 92 44 124 107
Shoe 0.1686619 440 199 512 281
Shoe 0.1547341 467 365 512 421
Shoe 0.1498616 488 366 510 416
Helmet 0.1360573 19 264 76 364
Helmet 0.1320104 110 254 253 383
Person 0.1252648 25 274 64 343
Vest 0.1182805 92 198 242 419
Shoe 0.1173325 453 199 496 250
Shoe 0.1139287 468 230 511 272
Goggle 0.1111064 49 280 77 337
Shoe 0.1062522 29 58 498 444
Shoe 0.1021655 448 336 499 391
Vest 0.1009029 29 58 498 444
Vest 0.1007179 25 275 65 345
Shoe 0.1002490 455 306 512 419
Shoe 0.0957822 486 192 510 247
Helmet 0.0946541 16 32 512 487
Goggle 0.0939815 19 42 503 471
Shoe 0.0922357 474 200 505 246
Shoe 0.0921866 449 354 502 432
Person 0.0892169 462 204 507 269
Shoe 0.0882892 467 332 512 385
Shoe 0.0853292 468 345 498 399
Goggle 0.0853106 31 277 71 343
Person 0.0815820 110 254 253 383
Goggle 0.0791019 461 205 508 267
Person 0.0757427 457 343 506 414
Goggle 0.0722694 456 344 508 411
Shoe 0.0701454 488 340 510 386
Helmet 0.0696800 36 284 77 350
Goggle 0.0658357 62 284 83 333
Shoe 0.0650859 463 366 494 415
Shoe 0.0613034 481 377 505 420
Shoe 0.0585854 479 340 504 388
Shoe 0.0583509 464 190 504 235
Goggle 0.0573612 91 43 123 104
Person 0.0537206 66 208 485 449
Shoe 0.0535142 450 226 497 280
Person 0.0533116 58 80 293 405
Vest 0.0532858 129 126 272 395
Shoe 0.0528234 470 174 512 272
Shoe 0.0521958 487 235 510 277
Person 0.0516420 50 10 504 272
Shoe 0.0515146 97 72 122 117
Shoe 0.0514422 453 384 505 415
Shoe 0.0503819 460 341 495 378
Shoe 0.0491221 403 195 500 297
Helmet 0.0483605 55 286 75 339
Shoe 0.0481016 383 315 492 425
Person 0.0479693 19 264 76 364
Shoe 0.0478235 90 38 113 92
Goggle 0.0473082 105 252 253 376
Shoe 0.0466427 462 239 496 271
Person 0.0460725 0 0 466 512
Person 0.0457946 476 471 507 510
Goggle 0.0450172 55 295 76 342
Shoe 0.0448940 441 362 500 406
Shoe 0.0446243 483 387 512 411
Shoe 0.0445695 476 186 512 237
Shoe 0.0441029 415 185 512 264
Vest 0.0432508 476 471 507 510
Shoe 0.0432091 470 343 509 371
Person 0.0428071 0 43 256 477
Shoe 0.0414870 413 286 512 402
Shoe 0.0408834 413 210 491 257
Helmet 0.0408448 476 471 507 510
Shoe 0.0406122 494 354 512 405
Shoe 0.0405625 482 371 512 435
Shoe 0.0402863 486 329 512 401
Person 0.0401709 0 0 512 361
Shoe 0.0400876 417 351 493 400
Vest 0.0398092 107 250 178 365
Shoe 0.0388537 478 218 512 277
Shoe 0.0387365 458 215 486 267
Shoe 0.0381670 453 336 504 366
Shoe 0.0378193 456 352 488 406
Vest 0.0374654 112 292 263 408
Shoe 0.0372363 494 205 512 255
Shoe 0.0370566 446 190 485 258
Shoe 0.0370383 478 244 512 268
Vest 0.0369146 146 224 278 427
Person 0.0363545 400 334 510 415
Shoe 0.0360654 465 228 510 318
Shoe 0.0357858 477 349 512 380
Shoe 0.0356499 490 387 510 430
Person 0.0353953 220 38 512 512
Shoe 0.0352105 474 239 512 290
Shoe 0.0351393 445 166 504 265
Helmet 0.0344652 46 283 69 341
Shoe 0.0340652 477 192 507 223
Shoe 0.0337044 142 416 205 453