Helmet 0.7472716 31 170 365 316
Person 0.5158083 4 191 422 504
Vest 0.4862511 177 331 423 508
Vest 0.2433035 32 170 366 315
Person 0.2389596 16 146 368 351
Vest 0.2080251 22 216 429 512
Helmet 0.1831120 3 152 389 407
Goggle 0.1675863 32 170 366 315
Helmet 0.1524982 247 226 384 306
Person 0.1393680 381 8 438 133
Helmet 0.1295900 67 218 405 365
Vest 0.1268150 3 152 389 407
Helmet 0.1182039 151 222 376 319
Helmet 0.1060909 37 187 223 291
Helmet 0.0923705 10 214 436 504
Helmet 0.0853992 381 8 438 133
Vest 0.0808337 228 225 435 512
Helmet 0.0770752 294 234 378 293
Vest 0.0668758 107 268 375 512
Goggle 0.0665038 1 155 404 416
Person 0.0646413 15 0 431 512
Person 0.0634097 0 321 468 512
Helmet 0.0605022 0 76 438 349
Helmet 0.0545918 50 126 241 322
Helmet 0.0545588 151 150 402 338
Person 0.0543718 67 218 405 365
Helmet 0.0541708 29 278 77 302
Person 0.0529537 166 160 458 512
Shoe 0.0518279 39 101 407 512
Vest 0.0515023 67 218 405 365
Helmet 0.0482744 125 129 277 299
Goggle 0.0462631 381 8 438 133
Vest 0.0455221 164 411 436 512
Vest 0.0453670 103 81 444 512
Helmet 0.0449665 174 256 384 344
Goggle 0.0431009 107 119 325 357
Person 0.0423153 0 55 456 366
Person 0.0416188 397 69 438 134
Helmet 0.0410267 164 282 405 512
Helmet 0.0404809 1 129 326 274
Helmet 0.0403517 107 119 325 357
Helmet 0.0401750 24 153 163 331
Helmet 0.0397917 270 190 374 291
Helmet 0.0396724 221 178 364 357
Goggle 0.0392420 50 185 255 288
Person 0.0391175 0 76 467 512
Goggle 0.0388540 151 222 376 319
Goggle 0.0385720 49 254 424 482
Shoe 0.0384381 385 27 436 132
Helmet 0.0374687 292 211 377 328
Person 0.0370548 349 0 446 173
Vest 0.0369454 197 388 371 512
Helmet 0.0368957 174 167 375 273
Person 0.0366253 438 235 512 503
Person 0.0363282 95 265 422 434
Helmet 0.0360729 191 125 334 314
Goggle 0.0358089 260 222 372 311
Person 0.0351737 0 283 283 512
Person 0.0344919 392 0 464 160
Helmet 0.0344090 265 249 362 303
Goggle 0.0340168 67 218 405 365
Vest 0.0337224 247 226 384 306
Vest 0.0330825 381 8 438 133
Vest 0.0328628 134 170 454 438
Helmet 0.0328477 233 174 447 481
Person 0.0327021 440 1 508 158
Vest 0.0326631 413 202 512 506
Person 0.0326549 333 3 438 115
Person 0.0323114 152 296 442 498
Vest 0.0319044 432 262 505 476
Person 0.0318111 422 167 509 446
Person 0.0307254 0 83 293 512
Helmet 0.0305658 121 268 434 443
Goggle 0.0304782 316 213 370 295
Vest 0.0304455 44 355 442 512
Person 0.0303971 440 135 509 302
Helmet 0.0302004 398 51 440 142
Vest 0.0299303 299 284 455 512
Vest 0.0298562 136 129 344 378
Goggle 0.0294370 0 77 442 512
Vest 0.0293975 143 288 512 512
Person 0.0289889 146 129 446 372
Vest 0.0289288 237 381 437 493
Helmet 0.0289147 267 225 364 277
Person 0.0289059 0 260 356 512
Shoe 0.0286087 43 155 360 326
Helmet 0.0284925 0 2 98 45
Goggle 0.0280348 151 150 402 338
Vest 0.0277904 28 277 84 304
Person 0.0277695 394 45 444 170
Vest 0.0277424 450 298 512 493
Helmet 0.0276365 24 179 219 413
Person 0.0272090 438 341 511 512
Person 0.0271319 414 0 510 238
Vest 0.0271240 168 227 377 477
Vest 0.0268733 83 125 279 333
Person 0.0267979 138 381 411 512
Person 0.0263787 54 91 396 284
Vest 0.0263172 54 91 396 284
Person 0.0263105 97 172 381 308