Helmet 0.8571557 1 206 97 295
Person 0.5918442 29 117 512 384
Vest 0.4747087 147 165 496 362
Vest 0.1663878 16 116 512 391
Goggle 0.1646582 2 203 103 295
Vest 0.1597810 5 209 97 301
Helmet 0.1274520 34 233 79 301
Goggle 0.1002936 75 203 107 258
Helmet 0.0980314 68 130 495 375
Person 0.0944113 0 22 512 493
Helmet 0.0924455 0 185 118 321
Person 0.0888330 5 209 97 301
Shoe 0.0832194 334 107 408 141
Vest 0.0771260 305 139 501 389
Goggle 0.0762919 51 209 108 297
Helmet 0.0736386 36 212 112 289
Vest 0.0714913 107 223 511 416
Person 0.0709020 424 29 492 58
Goggle 0.0690317 34 225 81 298
Vest 0.0655684 126 185 362 343
Helmet 0.0655002 7 196 95 253
Person 0.0635487 0 165 113 349
Vest 0.0633593 121 85 460 318
Shoe 0.0599093 29 117 512 384
Shoe 0.0567077 339 120 415 157
Goggle 0.0543135 86 199 110 245
Helmet 0.0540692 0 190 81 274
Vest 0.0524658 146 49 504 512
Vest 0.0490820 0 185 118 321
Goggle 0.0483896 65 211 112 269
Goggle 0.0474478 104 137 482 363
Shoe 0.0468164 342 104 398 127
Person 0.0453189 0 205 488 442
Helmet 0.0429742 0 231 69 306
Vest 0.0428575 21 305 512 512
Vest 0.0377728 426 31 483 57
Goggle 0.0373461 34 188 116 274
Helmet 0.0371912 28 264 79 299
Goggle 0.0362616 73 212 111 242
Goggle 0.0359220 80 195 104 237
Shoe 0.0358502 169 179 510 368
Goggle 0.0356606 73 200 98 245
Vest 0.0356055 129 210 216 346
Helmet 0.0353378 73 206 110 235
Person 0.0353080 0 166 230 313
Helmet 0.0351522 0 159 176 303
Goggle 0.0350442 77 201 120 282
Goggle 0.0342649 61 203 108 238
Goggle 0.0336269 22 215 121 321
Helmet 0.0331900 36 195 116 248
Vest 0.0330743 277 222 512 360
Helmet 0.0321799 68 202 111 259
Vest 0.0319965 234 203 460 460
Vest 0.0319108 113 129 309 385
Helmet 0.0318422 0 171 104 368
Helmet 0.0305340 16 167 115 273
Person 0.0304223 0 26 512 512
Helmet 0.0296940 67 213 105 241
Person 0.0294687 0 176 97 262
Person 0.0293971 337 113 413 156
Goggle 0.0289035 74 219 97 267
Person 0.0288917 119 148 456 329
Person 0.0287968 0 305 505 512
Helmet 0.0287622 25 239 121 307
Goggle 0.0286065 0 164 134 302
Helmet 0.0285834 65 200 103 224
Helmet 0.0283457 12 234 95 327
Helmet 0.0279113 72 220 110 249
Vest 0.0279086 218 131 512 333
Helmet 0.0278380 0 222 64 273
Helmet 0.0278363 0 220 62 361
Vest 0.0275926 270 149 512 512
Helmet 0.0274711 0 210 47 296
Person 0.0273109 0 42 478 320
Helmet 0.0272251 426 31 483 57
Person 0.0258589 170 39 196 51
Goggle 0.0257055 86 219 110 264
Person 0.0256927 334 107 408 139
Shoe 0.0254752 426 31 483 57
Vest 0.0253956 80 248 400 385
Person 0.0253506 406 16 511 60
Goggle 0.0252240 67 221 105 248
Helmet 0.0247745 0 237 141 342
Goggle 0.0243752 7 196 95 253
Helmet 0.0242818 29 202 152 319
Helmet 0.0242721 76 209 119 294
Person 0.0242512 3 192 158 286
Goggle 0.0242206 71 200 108 225
Goggle 0.0239017 39 248 76 304
Helmet 0.0237376 56 231 109 320
Goggle 0.0237349 0 176 97 262
Goggle 0.0236260 356 120 413 147
Vest 0.0235836 319 150 458 218
Shoe 0.0234771 1 199 98 306
Person 0.0233775 0 134 352 325
Vest 0.0232969 37 118 427 512
Helmet 0.0231453 0 65 512 469
Vest 0.0230762 170 39 196 51
Goggle 0.0230688 95 199 117 244
Goggle 0.0230541 82 206 120 251